-1.08768,180,80.36
-1.08943,179.51,80.01
-1.10421,179.03,79.65
-1.10988,178.55,79.29
-1.08915,178.08,78.92
-1.08261,177.62,78.55
-1.09375,177.17,78.17
-1.10878,176.72,77.79
-1.0935,176.29,77.41
-1.08025,175.85,77.04
-1.08228,175.43,76.66
-1.10426,175.01,76.28
-1.11313,174.6,75.91
-1.1039,174.2,75.54
-1.10903,173.8,75.17
-1.11353,173.42,74.8
-1.11201,173.04,74.44
-1.11334,172.66,74.08
-1.11073,172.29,73.72
-1.11029,171.93,73.37
-1.10831,171.58,73.03
-1.10913,171.24,72.68
-1.10909,170.9,72.35
-1.10698,170.56,72.01
-1.10564,170.24,71.68
-1.10501,169.92,71.36
-1.10132,169.61,71.04
-1.1026,169.3,70.73
-1.10135,169.01,70.42
-1.10023,168.71,70.12
-1.09719,168.43,69.82
-1.09671,168.15,69.53
-1.09451,167.88,69.24
-1.09412,167.61,68.96
-1.09111,167.35,68.68
-1.09074,167.1,68.41
-1.08896,166.85,68.14
-1.08627,166.61,67.88
-1.08542,166.38,67.62
-1.08438,166.15,67.37
-1.08176,165.93,67.12
-1.0865,165.71,66.88
-1.08824,165.5,66.64
-1.08923,165.29,66.41
-1.08965,165.09,66.18
-1.08263,164.9,65.96
-1.40631,164.71,65.74
-1.48046,164.53,65.53
-1.43575,164.35,65.32
-1.41448,164.17,65.11
-1.39396,164,64.91
-1.36744,163.84,64.72
-1.35307,163.68,64.52
-1.31654,163.52,64.34
-1.29813,163.37,64.15
-1.46727,163.22,63.97
-1.23985,163.07,63.8
-1.70138,162.93,63.62
-1.65644,162.79,63.45
-1.69341,162.65,63.29
-1.5577,162.52,63.12
-0.91677,180,80.36
-1.0972,179.48,79.95
-1.09638,178.96,79.54
-1.09135,178.45,79.12
-1.1096,177.94,78.7
-1.1084,177.45,78.27
-1.11158,176.96,77.84
-0.96186,176.47,77.41
-1.10824,176,76.98
-1.11227,175.53,76.55
-1.11291,175.06,76.12
-1.11258,174.6,75.69
-1.11375,174.15,75.26
-1.11185,173.71,74.84
-1.11173,173.27,74.42
-1.10966,172.84,74
-1.10988,172.41,73.59
-1.10613,172,73.17
-1.10819,171.58,72.77
-0.96742,171.18,72.36
-1.10494,170.78,71.96
-1.10687,170.38,71.57
-1.10229,169.99,71.18
-1.10022,169.61,70.79
-1.09906,169.23,70.4
-1.09695,168.86,70.03
-1.09556,168.5,69.65
-1.09359,168.14,69.28
-1.091,167.78,68.91
-1.08978,167.43,68.55
-1.087,167.09,68.19
-1.08599,166.75,67.84
-1.08268,166.42,67.49
-1.08872,166.09,67.15
-1.08831,165.77,66.8
-1.09068,165.45,66.47
-1.08868,165.14,66.13
-1.31868,164.83,65.81
-1.45017,164.52,65.48
-1.42253,164.22,65.16
-1.39659,163.93,64.84
-1.38529,163.64,64.53
-1.36202,163.35,64.22
-1.71171,163.06,63.91
-1.35141,162.78,63.61
-1.28378,162.51,63.31
-1.39523,162.24,63.01
-1.64798,161.97,62.72
-1.68642,161.7,62.43
-1.6906,161.44,62.14
-1.69316,161.18,61.86
-1.68458,160.92,61.58
-1.49968,160.66,61.3
-1.67884,160.41,61.02
-1.51752,160.16,60.75
-1.61875,159.9,60.47
-1.65838,159.66,60.2
-1.6617,159.41,59.93
-1.64567,159.16,59.67
-1.65022,158.91,59.4
-1.64526,158.67,59.13
-1.10102,180,80.36
-1.10343,179.46,79.92
-1.09996,178.92,79.48
-1.10788,178.39,79.03
-1.0971,177.86,78.57
-1.1101,177.34,78.12
-1.11229,176.83,77.66
-1.11322,176.32,77.2
-1.11207,175.82,76.74
-1.11004,175.33,76.28
-1.11175,174.84,75.82
-1.08127,174.36,75.36
-1.11221,173.89,74.91
-1.11115,173.42,74.45
-1.11065,172.95,74
-1.10938,172.5,73.56
-1.10959,172.05,73.11
-1.10648,171.6,72.67
-1.10727,171.16,72.23
-1.10459,170.73,71.8
-1.10302,170.3,71.37
-1.10063,169.87,70.94
-1.0985,169.46,70.52
-0.96641,169.04,70.1
-1.09512,168.64,69.69
-1.09256,168.23,69.28
-1.08951,167.84,68.87
-1.0887,167.44,68.46
-1.08673,167.06,68.06
-1.08393,166.67,67.67
-1.08937,166.29,67.28
-1.0899,165.92,66.89
-1.09054,165.55,66.5
-1.22017,165.19,66.12
-1.41986,164.83,65.74
-1.42249,164.47,65.37
-1.39047,164.12,65
-1.36519,163.77,64.63
-1.34756,163.42,64.27
-1.6207,163.08,63.91
-1.29602,162.74,63.55
-1.28964,162.41,63.19
-1.25533,162.07,62.84
-1.63328,161.74,62.49
-1.67847,161.42,62.14
-1.68461,161.09,61.8
-1.68903,160.77,61.46
-1.61053,160.45,61.12
-1.67839,160.14,60.78
-1.66007,159.82,60.45
-1.66305,159.51,60.11
-1.65903,159.2,59.78
-1.64101,158.89,59.45
-1.64834,158.58,59.12
-1.64399,158.27,58.8
-1.60083,157.96,58.47
-1.63345,157.65,58.14
-1.62879,157.35,57.82
-1.61879,157.04,57.49
-1.59456,156.73,57.17
-1.6137,156.42,56.85
-1.17313,180,80.36
-1.08443,179.52,80.65
-1.08293,179.03,80.92
-1.08338,178.54,81.19
-1.08713,178.06,81.43
-1.08777,177.57,81.65
-1.09032,177.08,81.86
-1.08953,176.59,82.04
-1.09153,176.1,82.2
-1.09112,175.61,82.33
-1.09466,175.12,82.43
-1.09716,174.63,82.51
-1.09402,174.14,82.56
-1.0963,173.65,82.57
-1.0925,173.16,82.56
-1.09701,172.67,82.52
-1.10243,172.19,82.45
-1.10159,171.7,82.35
-1.1038,171.22,82.22
-1.10492,170.74,82.07
-1.10444,170.26,81.9
-1.10547,169.78,81.71
-1.10699,169.31,81.49
-1.10845,168.83,81.26
-1.10752,168.36,81.02
-1.1122,167.9,80.76
-1.11143,167.43,80.49
-1.11093,166.97,80.21
-1.11249,166.52,79.91
-1.11135,166.06,79.61
-1.11387,165.61,79.31
-1.11351,165.17,79
-1.1143,164.73,78.68
-1.11402,164.29,78.36
-1.11467,163.85,78.04
-0.95718,163.42,77.71
-1.11722,163,77.38
-1.11627,162.58,77.06
-1.11789,162.16,76.73
-1.11931,161.75,76.4
-1.12135,161.35,76.07
-1.1167,160.94,75.75
-1.11716,160.55,75.43
-1.11848,160.16,75.1
-1.11706,159.77,74.78
-1.11664,159.39,74.47
-1.11744,159.02,74.15
-1.12072,158.65,73.84
-1.1194,158.28,73.53
-1.11852,157.92,73.23
-1.12015,157.57,72.93
-1.11918,157.22,72.63
-1.12022,156.88,72.34
-1.11955,156.55,72.05
-1.12551,156.22,71.77
-1.12016,155.89,71.49
-1.12075,155.57,71.21
-1.12199,155.26,70.94
-1.12141,154.96,70.68
-1.12263,154.66,70.42
-1.12361,154.36,70.16
-1.08806,180,80.36
-1.09207,179.44,79.91
-1.10746,178.9,79.45
-1.10899,178.35,78.98
-1.1118,177.82,78.51
-1.11189,177.29,78.04
-1.10873,176.76,77.56
-1.11343,176.24,77.09
-1.11337,175.73,76.61
-1.11255,175.23,76.14
-1.11161,174.73,75.66
-1.11274,174.23,75.19
-1.11102,173.74,74.72
-1.10845,173.26,74.25
-1.11097,172.78,73.79
-1.10733,172.31,73.32
-1.10794,171.85,72.86
-1.10524,171.39,72.41
-1.10412,170.93,71.95
-1.09963,170.48,71.5
-1.10067,170.04,71.06
-1.09833,169.6,70.62
-1.09616,169.16,70.18
-1.09323,168.74,69.74
-0.95868,168.31,69.31
-1.08936,167.89,68.88
-1.08884,167.48,68.45
-1.08389,167.07,68.03
-1.08776,166.66,67.62
-1.08924,166.26,67.2
-1.09056,165.86,66.79
-1.09073,165.47,66.38
-1.39033,165.08,65.98
-1.4084,164.7,65.58
-1.38591,164.31,65.18
-1.35966,163.94,64.79
-1.33774,163.56,64.4
-1.31707,163.19,64.01
-1.27699,162.83,63.62
-1.31256,162.46,63.24
-1.31024,162.1,62.86
-1.27568,161.74,62.48
-1.68073,161.39,62.11
-1.67041,161.03,61.73
-1.6774,160.68,61.36
-1.61497,160.33,61
-1.63268,159.99,60.63
-1.66271,159.64,60.27
-1.65815,159.3,59.9
-1.59363,158.95,59.54
-1.65322,158.61,59.18
-1.644,158.27,58.83
-1.633,157.93,58.47
-1.62282,157.6,58.11
-1.63207,157.26,57.76
-1.5905,156.92,57.4
-1.51989,156.58,57.05
-1.61552,156.24,56.69
-1.61018,155.9,56.34
-1.60475,155.56,55.98
-1.58892,155.21,55.63
-1.09122,180,80.36
-1.09616,179.4,80.85
-1.09632,178.8,81.34
-1.1655,178.19,81.81
-1.1006,177.58,82.25
-1.10631,176.96,82.68
-1.10952,176.33,83.07
-1.11113,175.7,83.42
-1.11189,175.06,83.73
-1.11291,174.41,83.98
-1.11314,173.76,84.17
-1.11704,173.11,84.28
-1.12128,172.45,84.31
-1.12117,171.78,84.26
-1.12028,171.1,84.13
-1.11957,170.42,83.91
-1.12192,169.74,83.63
-1.1247,169.05,83.27
-1.12645,168.35,82.86
-1.12618,167.65,82.4
-1.12962,166.94,81.9
-1.13142,166.22,81.36
-1.1345,165.51,80.78
-1.13493,164.78,80.18
-1.13828,164.05,79.56
-1.13961,163.32,78.92
-1.1426,162.58,78.25
-1.14428,161.83,77.58
-1.14695,161.08,76.88
-1.14888,160.33,76.18
-1.152,159.57,75.46
-1.15477,158.81,74.73
-1.15822,158.04,74
-1.16163,157.27,73.25
-1.16651,156.5,72.5
-1.16677,155.72,71.74
-1.17396,154.94,70.97
-1.17505,154.15,70.2
-1.18103,153.36,69.42
-1.18225,152.57,68.64
-1.18414,151.78,67.85
-1.18849,150.99,67.06
-1.19259,150.19,66.26
-1.19439,149.39,65.46
-1.19249,148.59,64.66
-1.20309,147.79,63.85
-1.20485,146.99,63.05
-1.20869,146.18,62.24
-1.42753,145.38,61.43
-1.62368,144.57,60.62
-1.46754,143.77,59.8
-1.45921,142.96,58.99
-1.61953,142.16,58.18
-1.61406,141.36,57.36
-1.6044,140.56,56.55
-1.46276,139.76,55.73
-1.43397,138.96,54.92
-1.58639,138.16,54.11
-1.58521,137.36,53.3
-1.415,136.57,52.5
-1.56404,135.78,51.69
-1.09361,180,80.36
-1.09118,179.42,80.83
-1.09163,178.84,81.28
-1.09568,178.25,81.72
-1.09959,177.65,82.14
-1.106,177.05,82.53
-1.1049,176.44,82.9
-1.10908,175.82,83.23
-1.1103,175.2,83.51
-1.11207,174.57,83.74
-1.11318,173.94,83.91
-1.11252,173.3,84.01
-1.11302,172.66,84.04
-1.11493,172,83.99
-1.11745,171.35,83.87
-1.117,170.68,83.67
-1.11933,170.01,83.41
-1.12244,169.33,83.08
-1.1204,168.65,82.69
-1.12481,167.97,82.26
-1.12655,167.27,81.78
-1.12826,166.57,81.27
-1.12783,165.87,80.73
-1.13544,165.16,80.15
-1.13423,164.44,79.55
-1.13449,163.72,78.93
-1.139,163,78.3
-1.13626,162.27,77.64
-1.14395,161.53,76.97
-1.14437,160.79,76.29
-1.14732,160.05,75.59
-1.14935,159.3,74.89
-1.15263,158.55,74.17
-1.15602,157.79,73.45
-1.15868,157.03,72.71
-1.16291,156.27,71.97
-1.16351,155.51,71.22
-1.16823,154.74,70.47
-1.1708,153.96,69.71
-1.17409,153.19,68.95
-1.1762,152.41,68.18
-1.17839,151.63,67.4
-1.18404,150.85,66.63
-2.89747,150.07,65.85
-1.18813,149.28,65.06
-1.19384,148.5,64.27
-1.04726,147.71,63.49
-1.37672,146.92,62.7
-1.43608,146.14,61.9
-1.43726,145.35,61.11
-1.60014,144.56,60.32
-1.59401,143.77,59.52
-1.58222,142.99,58.73
-1.57701,142.2,57.93
-1.41309,141.42,57.14
-1.56475,140.63,56.35
-1.55739,139.85,55.55
-1.3934,139.07,54.76
-1.39308,138.3,53.97
-1.38486,137.52,53.19
-1.38177,136.75,52.4
