-1.59346,180,89.95
-1.58981,179.52,89.53
-1.58143,179.04,89.05
-1.57829,178.57,88.58
-1.57739,178.1,88.12
-1.56696,177.64,87.66
-1.56263,177.19,87.21
-1.56429,176.75,86.76
-1.55822,176.31,86.32
-1.55585,175.87,85.89
-1.55114,175.45,85.46
-1.55303,175.02,85.04
-1.54995,174.61,84.63
-1.54261,174.2,84.22
-1.54454,173.8,83.82
-1.53949,173.4,83.42
-1.53763,173.01,83.03
-1.53448,172.63,82.65
-1.53268,172.25,82.27
-1.53045,171.88,81.9
-1.52952,171.51,81.53
-1.52659,171.15,81.17
-1.52305,170.8,80.82
-1.52053,170.45,80.47
-1.523,170.1,80.13
-1.51773,169.77,79.79
-1.51399,169.43,79.46
-1.5138,169.11,79.13
-1.51167,168.79,78.81
-1.50962,168.47,78.5
-1.5098,168.16,78.19
-1.50676,167.86,77.88
-1.50663,167.56,77.58
-1.5061,167.26,77.29
-1.50484,166.97,77
-1.50246,166.69,76.72
-1.50324,166.41,76.44
-1.5024,166.13,76.16
-1.49954,165.86,75.89
-1.49785,165.6,75.63
-1.50044,165.33,75.36
-1.49877,165.08,75.11
-1.49529,164.82,74.85
-1.49528,164.57,74.6
-1.494,164.33,74.36
-1.49369,164.09,74.12
-1.49414,163.85,73.88
-1.49007,163.61,73.65
-1.49065,163.38,73.41
-1.49012,163.15,73.19
-1.48913,162.93,72.96
-1.40973,162.7,72.74
-1.48477,162.48,72.52
-1.50313,162.27,72.3
-1.48594,162.05,72.09
-1.4844,161.83,71.87
-1.4842,161.62,71.66
-1.48073,161.41,71.45
-1.48185,161.2,71.24
-1.47678,160.99,71.03
-1.46547,160.78,70.82
-1.59374,180,89.95
-1.58897,179.48,89.5
-1.58172,178.97,88.99
-1.57996,178.47,88.49
-1.57732,177.97,87.99
-1.57462,177.47,87.49
-1.57186,176.99,87.01
-1.56393,176.5,86.52
-1.56,176.03,86.05
-1.5565,175.56,85.58
-1.55372,175.09,85.11
-1.54994,174.63,84.65
-1.54634,174.18,84.2
-1.54454,173.73,83.75
-1.54158,173.29,83.31
-1.53693,172.85,82.87
-1.53553,172.42,82.44
-1.53269,171.99,82.01
-1.52975,171.57,81.59
-1.52659,171.15,81.17
-1.52574,170.74,80.76
-1.52324,170.33,80.36
-1.5211,169.93,79.95
-1.51594,169.53,79.56
-1.51626,169.14,79.17
-1.51718,168.75,78.78
-1.51296,168.37,78.39
-1.51082,167.99,78.02
-1.51105,167.61,77.64
-1.50799,167.24,77.27
-1.50778,166.88,76.91
-1.50568,166.51,76.55
-1.50519,166.16,76.19
-1.50147,165.8,75.83
-1.50183,165.45,75.48
-1.49933,165.11,75.14
-1.49715,164.76,74.79
-1.49521,164.42,74.46
-1.49156,164.09,74.12
-1.48857,163.75,73.79
-1.49267,163.42,73.46
-1.49057,163.1,73.13
-1.48811,162.77,72.8
-1.48959,162.45,72.48
-1.4888,162.13,72.16
-1.4935,161.81,71.85
-1.28401,161.49,71.53
-1.46903,161.18,71.22
-1.47206,160.87,70.91
-1.48113,160.56,70.6
-1.48351,160.25,70.29
-1.49123,159.94,69.98
-1.4765,159.63,69.67
-1.47685,159.33,69.37
-1.47101,159.02,69.06
-1.47064,158.72,68.76
-1.2749,158.41,68.45
-1.28481,158.1,68.14
-1.4635,157.8,67.84
-1.46575,157.49,67.53
-1.27658,157.18,67.22
-1.59031,180,89.95
-1.58905,179.46,89.48
-1.5851,178.93,88.95
-1.5812,178.41,88.43
-1.57548,177.89,87.91
-1.57426,177.37,87.39
-1.56514,176.86,86.88
-1.56527,176.36,86.38
-1.56056,175.86,85.88
-1.55653,175.36,85.39
-1.55329,174.88,84.9
-1.54812,174.39,84.42
-1.54692,173.91,83.94
-1.54176,173.44,83.47
-1.54112,172.97,83
-1.53983,172.51,82.54
-1.53462,172.05,82.08
-1.53509,171.6,81.62
-1.52844,171.15,81.18
-1.52872,170.7,80.73
-1.52404,170.26,80.29
-1.52117,169.83,79.86
-1.51964,169.4,79.43
-1.51888,168.97,79
-1.51816,168.55,78.58
-1.51411,168.13,78.16
-1.51239,167.71,77.74
-1.51051,167.3,77.33
-1.50968,166.9,76.93
-1.5048,166.49,76.52
-1.50641,166.09,76.13
-1.50245,165.7,75.73
-1.50072,165.3,75.34
-1.49739,164.91,74.95
-1.49709,164.53,74.56
-1.69009,164.14,74.18
-1.48576,163.76,73.8
-1.48657,163.38,73.42
-1.48733,163.01,73.04
-1.48292,162.63,72.67
-1.4927,162.26,72.3
-1.48401,161.89,71.93
-1.48084,161.53,71.56
-1.49005,161.16,71.2
-1.47947,160.8,70.84
-1.47793,160.44,70.47
-1.47687,160.07,70.11
-1.47891,159.71,69.75
-0.18923,159.36,69.4
-1.4708,159,69.04
-1.47536,158.64,68.68
-1.46852,158.28,68.32
-1.46617,157.92,67.97
-1.28163,157.57,67.61
-1.28204,157.21,67.25
-1.2882,156.85,66.89
-1.46772,156.49,66.53
-1.47807,156.13,66.17
-1.28933,155.77,65.81
-1.28759,155.41,65.45
-1.28852,155.04,65.08
-1.59303,180,89.95
-1.58455,179.5,89.45
-1.57758,179,88.95
-1.5676,178.5,88.45
-1.56697,178,87.95
-1.56875,177.5,87.45
-1.5653,177,86.95
-1.56138,176.5,86.46
-1.55786,176.01,85.96
-1.55523,175.52,85.47
-1.55401,175.03,84.98
-1.55178,174.54,84.49
-1.54968,174.05,84
-1.54749,173.57,83.52
-1.54708,173.09,83.04
-1.54789,172.61,82.56
-1.54202,172.14,82.09
-1.54226,171.66,81.62
-1.53935,171.2,81.15
-1.53795,170.73,80.69
-1.53575,170.27,80.23
-1.5341,169.82,79.77
-1.53324,169.37,79.32
-1.53071,168.92,78.87
-1.53092,168.48,78.43
-1.52738,168.04,78
-1.52387,167.61,77.56
-1.52416,167.18,77.14
-1.52244,166.76,76.72
-1.52136,166.35,76.3
-1.52081,165.94,75.89
-1.51921,165.53,75.48
-1.51888,165.13,75.08
-1.51738,164.74,74.69
-1.51635,164.35,74.3
-1.51382,163.97,73.92
-1.51259,163.59,73.54
-1.5218,163.22,73.17
-1.51371,162.86,72.81
-1.50768,162.5,72.45
-1.50989,162.15,72.1
-1.51271,161.81,71.76
-1.50898,161.47,71.42
-1.51469,161.14,71.09
-1.51073,160.81,70.77
-1.51799,160.5,70.45
-1.51285,160.18,70.14
-1.51061,159.88,69.83
-1.51049,159.58,69.54
-1.51032,159.29,69.25
-1.51397,159.01,68.96
-1.51489,158.73,68.68
-1.50345,158.46,68.41
-1.51298,158.2,68.15
-1.51047,157.94,67.9
-1.51114,157.69,67.65
-1.51075,157.45,67.4
-1.33292,157.22,67.17
-1.50704,156.99,66.94
-1.51434,156.77,66.72
-1.51587,156.55,66.51
-1.59297,180,89.95
-1.58895,179.45,89.47
-1.58298,178.91,88.93
-1.58193,178.37,88.4
-1.57484,177.84,87.86
-1.57087,177.31,87.34
-1.56918,176.79,86.82
-1.56494,176.28,86.3
-1.55958,175.76,85.79
-1.55408,175.26,85.28
-1.5515,174.76,84.78
-1.5477,174.26,84.29
-1.54632,173.77,83.8
-1.54168,173.28,83.31
-1.54023,172.8,82.83
-1.53435,172.32,82.35
-1.53562,171.85,81.88
-1.53163,171.38,81.41
-1.52895,170.92,80.95
-1.52627,170.46,80.49
-1.52407,170,80.03
-1.52135,169.55,79.58
-1.51699,169.11,79.14
-1.51797,168.66,78.69
-1.51178,168.22,78.25
-1.51315,167.79,77.82
-1.51027,167.36,77.39
-1.5087,166.93,76.96
-1.5072,166.5,76.54
-1.50473,166.08,76.11
-1.50207,165.66,75.7
-1.5045,165.25,75.28
-1.49396,164.84,74.87
-1.49546,164.43,74.46
-1.49385,164.02,74.06
-1.488,163.62,73.65
-1.4931,163.22,73.25
-1.4884,162.82,72.85
-1.48401,162.42,72.46
-1.4868,162.02,72.06
-1.48638,161.63,71.67
-1.48368,161.24,71.28
-1.47849,160.85,70.89
-1.47178,160.46,70.5
-1.47186,160.07,70.11
-1.47065,159.69,69.73
-1.28521,159.3,69.34
-1.47485,158.92,68.96
-1.47134,158.53,68.57
-1.47392,158.15,68.19
-1.28618,157.76,67.81
-1.46819,157.38,67.42
-1.46586,157,67.04
-1.47145,156.61,66.65
-1.28724,156.23,66.27
-1.29452,155.84,65.88
-1.28491,155.45,65.49
-1.29218,155.06,65.11
-1.29426,154.67,64.71
-1.28301,154.28,64.32
-1.27725,153.88,63.93
-1.59031,180,89.95
-1.57718,179.41,89.38
-1.57453,178.82,88.79
-1.57273,178.22,88.19
-1.56948,177.61,87.58
-1.56979,177,86.97
-1.56753,176.39,86.36
-1.56834,175.77,85.74
-1.56512,175.14,85.12
-1.56313,174.51,84.49
-1.55367,173.88,83.85
-1.55513,173.24,83.21
-1.55479,172.59,82.57
-1.55282,171.94,81.92
-1.55342,171.29,81.26
-1.55273,170.63,80.6
-1.55274,169.96,79.94
-1.55025,169.29,79.27
-1.55033,168.61,78.59
-1.54709,167.93,77.91
-1.54745,167.25,77.23
-1.54236,166.56,76.54
-1.5438,165.87,75.84
-1.54198,165.17,75.15
-1.5404,164.46,74.44
-1.53933,163.76,73.73
-1.53788,163.04,73.02
-1.53669,162.33,72.31
-1.53728,161.61,71.59
-1.54339,160.88,70.86
-1.54404,160.15,70.13
-1.54152,159.42,69.4
-1.54073,158.68,68.67
-1.55516,157.94,67.93
-1.54996,157.2,67.18
-1.56545,156.45,66.44
-1.38067,155.71,65.69
-1.38943,154.95,64.94
-1.57406,154.2,64.18
-1.393,153.44,63.42
-1.39388,152.68,62.67
-1.3981,151.92,61.9
-1.39472,151.16,61.14
-1.39673,150.39,60.38
-1.38971,149.62,59.61
-1.38208,148.86,58.84
-1.37421,148.09,58.07
-1.3672,147.32,57.3
-1.35954,146.54,56.53
-1.35468,145.77,55.76
-1.3459,145,54.99
-1.33952,144.23,54.22
-1.33246,143.46,53.44
-1.32606,142.69,52.67
-1.31971,141.92,51.9
-1.31229,141.15,51.13
-1.30537,140.38,50.37
-1.29861,139.61,49.6
-1.29226,138.85,48.83
-1.31691,138.08,48.07
-1.339,137.32,47.31
-1.59418,180,89.95
-1.57417,179.43,89.4
-1.57256,178.85,88.83
-1.57487,178.27,88.25
-1.57123,177.69,87.66
-1.56923,177.1,87.07
-1.57317,176.5,86.48
-1.56704,175.9,85.88
-1.56344,175.29,85.27
-1.56033,174.68,84.66
-1.5581,174.06,84.04
-1.55259,173.44,83.42
-1.55431,172.81,82.79
-1.55,172.18,82.16
-1.55374,171.54,81.52
-1.54992,170.9,80.87
-1.55121,170.25,80.23
-1.54836,169.59,79.57
-1.54815,168.93,78.91
-1.54726,168.27,78.25
-1.54497,167.6,77.58
-1.54184,166.93,76.91
-1.5404,166.25,76.23
-1.53658,165.57,75.55
-1.5381,164.88,74.86
-1.53915,164.19,74.17
-1.52707,163.49,73.47
-1.53327,162.79,72.77
-1.53394,162.09,72.07
-1.53551,161.38,71.36
-1.53661,160.67,70.65
-1.53971,159.95,69.93
-1.54216,159.23,69.21
-1.55178,158.51,68.49
-1.54758,157.78,67.76
-1.55253,157.05,67.03
-1.55584,156.32,66.3
-1.55115,155.58,65.57
-1.56225,154.84,64.83
-1.38277,154.1,64.09
-1.56781,153.36,63.35
-1.40276,152.62,62.6
-1.40969,151.87,61.86
-1.40246,151.12,61.11
-1.38816,150.38,60.36
-1.37901,149.63,59.61
-1.371,148.87,58.86
-1.36365,148.12,58.11
-1.35634,147.37,57.36
-1.34576,146.62,56.61
-1.33646,145.87,55.85
-1.33088,145.11,55.1
-1.32309,144.36,54.35
-1.3121,143.61,53.6
-1.30849,142.86,52.85
-1.29842,142.11,52.1
-1.29204,141.37,51.35
-1.28478,140.62,50.61
-1.27707,139.88,49.86
-1.27212,139.13,49.12
-1.26616,138.39,48.38
