-1.16761,180,86.97
-1.16429,179.55,86.89
-1.17102,179.11,86.77
-1.16795,178.67,86.6
-1.17005,178.24,86.39
-1.16954,177.82,86.15
-1.16884,177.4,85.89
-1.16788,176.99,85.62
-1.16816,176.59,85.33
-1.16754,176.19,85.04
-1.16706,175.8,84.74
-1.16869,175.41,84.43
-1.16367,175.03,84.13
-1.16486,174.66,83.83
-1.1676,174.3,83.52
-1.16687,173.94,83.22
-1.16698,173.58,82.92
-1.15804,173.23,82.63
-1.16432,172.89,82.34
-1.16529,172.56,82.05
-1.16592,172.23,81.77
-1.16564,171.91,81.49
-1.17013,171.59,81.21
-1.16912,171.28,80.95
-1.17044,170.97,80.68
-1.16799,170.67,80.42
-1.17059,170.38,80.17
-1.16632,170.09,79.92
-1.17219,169.81,79.68
-1.17301,169.53,79.44
-1.17242,169.26,79.21
-1.17262,168.99,78.98
-1.16968,168.73,78.76
-1.17183,168.48,78.54
-1.17798,168.23,78.33
-1.17972,167.98,78.12
-1.17961,167.74,77.92
-1.17936,167.5,77.73
-1.18523,167.27,77.53
-1.18642,167.05,77.35
-1.18397,166.82,77.17
-1.18826,166.61,76.99
-1.18791,166.39,76.82
-1.18885,166.18,76.65
-1.19106,165.98,76.49
-1.19646,165.78,76.33
-1.19618,165.58,76.18
-1.18925,165.39,76.03
-1.19684,165.19,75.88
-1.19697,165.01,75.74
-1.19842,164.82,75.6
-1.13878,164.64,75.46
-1.20513,164.46,75.33
-1.2037,164.28,75.2
-1.20648,164.1,75.07
-1.20548,163.93,74.95
-1.20707,163.76,74.82
-1.20645,163.58,74.7
-1.21234,163.41,74.58
-1.21283,163.24,74.46
-1.21159,163.07,74.35
-1.17144,180,86.97
-1.17294,179.52,86.94
-1.17285,179.05,86.85
-1.1705,178.59,86.7
-1.1734,178.13,86.51
-1.17192,177.67,86.28
-1.16908,177.23,86.01
-1.1707,176.79,85.73
-1.16898,176.35,85.43
-1.16741,175.92,85.11
-1.17024,175.5,84.79
-1.16954,175.08,84.47
-1.16747,174.66,84.14
-1.16896,174.26,83.8
-1.17169,173.86,83.47
-1.16972,173.46,83.14
-1.17099,173.07,82.81
-1.17105,172.68,82.48
-1.16781,172.3,82.15
-1.1746,171.93,81.83
-1.1728,171.56,81.51
-1.17315,171.2,81.19
-1.17578,170.84,80.88
-1.1745,170.48,80.57
-1.17508,170.13,80.27
-1.178,169.79,79.96
-1.1787,169.45,79.67
-1.17963,169.11,79.37
-1.18709,168.78,79.08
-1.1843,168.46,78.8
-1.17902,168.14,78.52
-1.18604,167.82,78.24
-1.1892,167.51,77.96
-1.19074,167.2,77.69
-1.19089,166.89,77.43
-1.19108,166.59,77.17
-1.19426,166.29,76.91
-1.19746,166,76.65
-1.1969,165.7,76.4
-1.19663,165.42,76.15
-1.20003,165.13,75.91
-1.19877,164.85,75.67
-1.19931,164.57,75.43
-1.20405,164.29,75.19
-1.2041,164.02,74.96
-1.20528,163.75,74.73
-1.20817,163.48,74.5
-1.20592,163.21,74.27
-1.21148,162.94,74.05
-1.21262,162.68,73.83
-1.21526,162.41,73.61
-1.21612,162.15,73.39
-1.21754,161.89,73.17
-1.22228,161.63,72.95
-1.21944,161.37,72.73
-1.22125,161.1,72.52
-1.22103,160.84,72.3
-1.22221,160.58,72.08
-1.22379,160.32,71.86
-1.22556,160.05,71.65
-1.22197,159.79,71.43
-1.17298,180,86.97
-1.17693,179.5,86.97
-1.16237,179.02,86.9
-1.17296,178.53,86.76
-1.17311,178.05,86.57
-1.1726,177.58,86.34
-1.17332,177.11,86.07
-1.17056,176.65,85.78
-1.17211,176.2,85.46
-1.16975,175.75,85.14
-1.17146,175.3,84.8
-1.16779,174.86,84.45
-1.17226,174.43,84.1
-1.16805,174,83.75
-1.16883,173.57,83.4
-1.17347,173.16,83.04
-1.17106,172.74,82.69
-1.16192,172.33,82.34
-1.17341,171.93,81.99
-1.17621,171.53,81.64
-1.1746,171.13,81.3
-1.17704,170.74,80.95
-1.17794,170.36,80.61
-1.17966,169.98,80.28
-1.18233,169.6,79.94
-1.18134,169.23,79.61
-1.18551,168.86,79.29
-1.18592,168.49,78.96
-1.18315,168.13,78.64
-1.18834,167.77,78.33
-1.19246,167.42,78.01
-1.19248,167.07,77.7
-1.19424,166.72,77.39
-1.19826,166.38,77.09
-1.19749,166.04,76.79
-1.19763,165.7,76.49
-1.19816,165.37,76.2
-1.19936,165.04,75.9
-1.19985,164.71,75.61
-1.20273,164.38,75.33
-1.20432,164.06,75.04
-1.20524,163.74,74.76
-1.20876,163.42,74.48
-1.21138,163.1,74.2
-1.2075,162.79,73.92
-1.21475,162.47,73.65
-1.21756,162.16,73.37
-1.21578,161.84,73.1
-1.21489,161.53,72.83
-1.21921,161.22,72.56
-1.22149,160.91,72.29
-1.22392,160.6,72.01
-1.22268,160.29,71.74
-1.22399,159.98,71.47
-1.22529,159.67,71.2
-1.22247,159.36,70.93
-1.22612,159.04,70.66
-1.22812,158.73,70.39
-1.22702,158.41,70.11
-1.23134,158.09,69.83
-1.2301,157.77,69.55
-1.16764,180,86.97
-1.16391,179.5,86.48
-1.16281,179,85.99
-1.16667,178.5,85.5
-1.17036,178.01,85.01
-1.16958,177.51,84.52
-1.16516,177.02,84.03
-1.16692,176.53,83.54
-1.1701,176.04,83.05
-1.17028,175.56,82.57
-1.16893,175.08,82.09
-1.17,174.6,81.61
-1.17223,174.12,81.14
-1.16171,173.65,80.67
-1.18381,173.18,80.2
-1.17214,172.71,79.74
-1.17179,172.25,79.28
-1.17447,171.8,78.82
-1.17073,171.34,78.37
-1.17298,170.9,77.92
-1.17501,170.45,77.48
-1.17103,170.02,77.05
-1.17379,169.58,76.61
-1.17505,169.15,76.19
-1.17528,168.73,75.76
-1.17413,168.31,75.35
-1.1735,167.9,74.94
-1.17653,167.5,74.53
-1.17706,167.1,74.13
-1.17532,166.7,73.74
-1.17601,166.31,73.35
-1.17561,165.93,72.97
-1.17554,165.55,72.59
-1.17876,165.18,72.22
-1.17522,164.82,71.86
-1.17633,164.46,71.5
-1.16813,164.11,71.15
-1.17536,163.77,70.81
-1.17442,163.43,70.47
-1.17155,163.1,70.14
-1.17164,162.78,69.82
-1.16713,162.46,69.5
-1.17574,162.15,69.19
-1.16957,161.85,68.89
-1.16871,161.55,68.59
-1.1705,161.26,68.3
-1.17274,160.98,68.02
-1.16928,160.7,67.74
-1.17007,160.44,67.48
-1.17513,160.17,67.22
-1.16756,159.92,66.96
-1.20838,159.67,66.72
-1.20866,159.44,66.48
-1.17335,159.2,66.25
-1.21121,158.98,66.02
-1.20766,158.76,65.8
-1.1967,158.55,65.59
-1.20926,158.35,65.39
-1.21258,158.15,65.2
-1.17458,157.96,65.01
-1.21284,157.78,64.83
-1.17227,180,86.97
-1.17256,179.49,86.98
-1.17189,179,86.92
-1.17286,178.5,86.8
-1.17643,178.01,86.61
-1.17065,177.53,86.37
-1.17157,177.05,86.1
-1.17262,176.58,85.8
-1.17242,176.11,85.48
-1.17554,175.65,85.14
-1.17287,175.19,84.79
-1.17088,174.74,84.44
-0.98162,174.29,84.08
-1.17413,173.85,83.71
-1.17008,173.42,83.35
-1.17478,172.98,82.98
-1.1748,172.56,82.61
-1.17085,172.13,82.25
-1.1777,171.72,81.89
-1.17424,171.3,81.52
-1.17631,170.89,81.16
-1.17919,170.49,80.81
-1.17928,170.09,80.45
-1.18137,169.69,80.1
-1.18464,169.3,79.75
-1.18525,168.91,79.4
-1.18694,168.52,79.06
-1.18877,168.14,78.72
-1.17561,167.77,78.38
-1.19175,167.39,78.05
-1.19786,167.02,77.72
-1.19519,166.65,77.39
-1.19537,166.29,77.06
-1.1985,165.93,76.74
-1.19993,165.57,76.42
-1.19776,165.21,76.1
-1.20155,164.86,75.78
-1.20128,164.51,75.47
-1.20265,164.16,75.16
-1.20654,163.81,74.85
-1.20857,163.46,74.54
-1.21094,163.12,74.23
-1.2092,162.78,73.93
-1.21259,162.44,73.63
-1.21242,162.1,73.33
-1.21757,161.76,73.03
-1.21851,161.42,72.73
-1.21904,161.09,72.43
-1.22054,160.75,72.13
-1.22119,160.42,71.83
-1.22222,160.08,71.54
-1.22034,159.74,71.24
-1.22453,159.41,70.94
-1.22681,159.07,70.64
-1.2244,158.73,70.34
-1.227,158.39,70.04
-1.22909,158.05,69.74
-1.23106,157.71,69.43
-1.22925,157.36,69.13
-1.23139,157.01,68.82
-1.23057,156.66,68.51
-1.16983,180,86.97
-1.16704,179.45,86.82
-1.17075,178.9,86.59
-1.17285,178.35,86.29
-1.17192,177.79,85.95
-1.16917,177.22,85.56
-1.17491,176.65,85.13
-1.17818,176.07,84.68
-1.17688,175.49,84.2
-1.17652,174.91,83.71
-1.18012,174.31,83.2
-1.1757,173.71,82.67
-1.18116,173.11,82.13
-1.1784,172.5,81.58
-1.1804,171.89,81.02
-1.18341,171.27,80.46
-1.18103,170.64,79.88
-1.18355,170.01,79.29
-1.18513,169.38,78.7
-1.18293,168.74,78.09
-1.17901,168.09,77.48
-1.1811,167.44,76.87
-1.18511,166.79,76.24
-1.18016,166.12,75.62
-1.18127,165.46,74.98
-1.17817,164.79,74.34
-1.17836,164.11,73.69
-1.17811,163.43,73.04
-1.17612,162.74,72.38
-1.17459,162.05,71.71
-1.17921,161.36,71.04
-1.17713,160.66,70.37
-1.16731,159.96,69.69
-1.17164,159.25,69.01
-1.16793,158.54,68.32
-1.16472,157.82,67.63
-1.16364,157.11,66.93
-1.16183,156.38,66.23
-1.15934,155.66,65.52
-1.15943,154.93,64.82
-1.15556,154.2,64.11
-1.15275,153.46,63.39
-1.15069,152.73,62.67
-1.14855,151.99,61.95
-1.14453,151.25,61.23
-1.14198,150.5,60.51
-1.13891,149.76,59.78
-1.13644,149.01,59.05
-1.1333,148.26,58.32
-1.12936,147.51,57.59
-1.12617,146.76,56.86
-1.19153,146.01,56.13
-1.63151,145.26,55.39
-1.71836,144.51,54.66
-1.7339,143.75,53.92
-1.75078,143,53.19
-1.7553,142.25,52.45
-1.77173,141.5,51.72
-1.77868,140.75,50.99
-1.78368,140,50.26
-1.79795,139.26,49.53
-1.17353,180,86.97
-1.16981,179.47,86.85
-1.169,178.94,86.65
-1.17006,178.4,86.39
-1.17614,177.86,86.07
-1.17341,177.31,85.71
-1.17361,176.76,85.32
-1.17162,176.2,84.89
-1.17732,175.64,84.44
-2.98276,175.07,83.97
-1.17645,174.49,83.48
-1.17682,173.91,82.97
-1.17858,173.32,82.45
-1.18084,172.73,81.92
-1.17402,172.13,81.38
-1.17972,171.53,80.83
-1.18101,170.92,80.27
-1.17761,170.3,79.7
-1.17361,169.68,79.12
-1.17979,169.06,78.54
-1.17778,168.43,77.94
-1.17788,167.79,77.34
-1.17673,167.15,76.74
-1.17532,166.51,76.12
-1.17429,165.86,75.5
-1.1727,165.2,74.88
-1.17256,164.54,74.25
-1.17253,163.87,73.61
-1.17264,163.2,72.97
-1.17049,162.53,72.32
-1.16646,161.85,71.67
-1.16907,161.17,71.01
-1.16411,160.48,70.34
-1.16284,159.79,69.68
-1.16323,159.1,69
-1.15902,158.4,68.33
-1.15557,157.69,67.65
-1.15687,156.99,66.96
-1.15554,156.28,66.28
-1.15138,155.57,65.59
-1.14714,154.85,64.89
-1.14315,154.14,64.19
-1.1394,153.42,63.5
-1.13858,152.7,62.79
-1.13586,151.97,62.09
-1.13248,151.25,61.38
-1.12677,150.52,60.67
-1.12492,149.79,59.96
-1.12224,149.06,59.25
-1.12396,148.33,58.54
-1.10985,147.6,57.83
-1.1128,146.87,57.11
-1.35852,146.14,56.4
-1.68048,145.41,55.68
-1.7319,144.68,54.97
-1.7515,143.95,54.26
-1.76611,143.22,53.54
-1.77688,142.49,52.83
-1.78063,141.76,52.12
-1.78625,141.04,51.41
-1.79695,140.31,50.7
