-1.01764,0,180,-55.23
-1.01259,1,179.52,-54.86
-1.00269,2,179.06,-54.5
-0.9987,3,178.59,-54.15
-0.99536,4,178.14,-53.8
-0.99203,5,177.69,-53.46
-0.988,6,177.24,-53.12
-0.98477,7,176.81,-52.79
-0.9809,8,176.37,-52.47
-0.97522,9,175.95,-52.15
-0.97021,10,175.53,-51.84
-0.96708,11,175.12,-51.54
-0.96177,12,174.72,-51.25
-0.95937,13,174.32,-50.96
-0.95569,14,173.92,-50.68
-0.95313,15,173.54,-50.4
-0.94397,16,173.16,-50.13
-0.93898,17,172.78,-49.87
-0.93549,18,172.42,-49.62
-0.93146,19,172.06,-49.38
-0.92836,20,171.7,-49.14
-0.92711,21,171.35,-48.91
-0.9261,22,171.01,-48.69
-0.92327,23,170.67,-48.47
-0.9202,24,170.34,-48.26
-0.92029,25,170.02,-48.06
-0.91922,26,169.7,-47.87
-0.91519,27,169.38,-47.69
-0.91282,28,169.08,-47.51
-0.91257,29,168.78,-47.34
-0.91145,30,168.48,-47.18
-0.90971,31,168.19,-47.03
-0.90626,32,167.9,-46.89
-0.90403,33,167.62,-46.75
-0.90406,34,167.35,-46.62
-0.90237,35,167.08,-46.5
-0.89881,36,166.82,-46.39
-0.89812,37,166.56,-46.29
-0.89693,38,166.3,-46.19
-0.89412,39,166.06,-46.11
-0.89455,40,165.81,-46.03
-0.89164,41,165.57,-45.96
-0.88939,42,165.34,-45.9
-0.88906,43,165.11,-45.85
-0.92801,44,164.88,-45.81
-0.88554,45,164.66,-45.78
-0.88164,46,164.44,-45.75
-0.88282,47,164.23,-45.74
-0.88087,48,164.01,-45.73
-0.87993,49,163.81,-45.73
-0.87773,50,163.6,-45.75
-0.87698,51,163.4,-45.77
-0.8742,52,163.21,-45.8
-0.87445,53,163.01,-45.84
-0.87231,54,162.82,-45.89
-0.87053,55,162.63,-45.95
-0.82353,56,162.44,-46.03
-0.83581,57,162.25,-46.11
-0.84278,58,162.07,-46.2
-0.85028,59,161.89,-46.3
-0.85182,60,161.7,-46.41
-0.85351,61,161.52,-46.53
-0.85616,62,161.34,-46.66
-0.85342,63,161.16,-46.81
-0.85683,64,160.98,-46.96
-0.85455,65,160.8,-47.13
-0.85274,66,160.61,-47.3
-0.854,67,160.43,-47.49
-0.85512,68,160.24,-47.69
-0.85208,69,160.05,-47.89
-0.85156,70,159.86,-48.11
-0.85075,71,159.67,-48.35
-0.8513,72,159.47,-48.59
-0.8488,73,159.27,-48.84
-0.84615,74,159.06,-49.11
-0.84286,75,158.85,-49.38
-0.84373,76,158.63,-49.67
-0.84284,77,158.4,-49.97
-0.84074,78,158.17,-50.28
-0.8393,79,157.93,-50.6
-0.83547,80,157.68,-50.94
-0.83613,81,157.43,-51.28
-0.83003,82,157.17,-51.64
-0.83532,83,156.89,-52.01
-0.83327,84,156.61,-52.38
-0.83406,85,156.31,-52.77
-0.83394,86,156.01,-53.17
-0.8339,87,155.69,-53.58
-1.84995,88,155.36,-54
-0.83421,89,155.02,-54.43
-0.83427,90,154.66,-54.86
-0.83707,91,154.3,-55.31
-0.838,92,153.91,-55.76
-0.83919,93,153.52,-56.23
-0.84292,94,153.11,-56.69
-0.8462,95,152.68,-57.17
-0.85238,96,152.24,-57.65
-0.85286,97,151.79,-58.13
-0.85614,98,151.32,-58.62
-0.85972,99,150.83,-59.11
-0.86601,100,150.34,-59.61
-0.8714,101,149.82,-60.1
-0.87537,102,149.29,-60.59
-0.87924,103,148.75,-61.08
-0.88356,104,148.19,-61.57
-0.88318,105,147.62,-62.05
-0.88623,106,147.04,-62.53
-0.85842,107,146.44,-63
-0.95418,108,145.83,-63.45
-0.99858,109,145.21,-63.9
-1.01901,110,144.58,-64.33
-1.02949,111,143.94,-64.75
-1.03455,112,143.29,-65.15
-1.05263,113,142.62,-65.53
-1.02583,114,141.96,-65.9
-0.98504,115,141.28,-66.24
-0.80715,116,140.59,-66.55
-0.82408,117,139.9,-66.84
-0.81712,118,139.21,-67.1
-0.81314,119,138.51,-67.34
-0.80974,120,137.81,-67.54
-1.01623,0,180,-51.2
-1.00734,1,179.49,-50.85
-0.99712,2,178.98,-50.5
-0.99036,3,178.49,-50.16
-0.98819,4,177.99,-49.82
-0.98345,5,177.51,-49.49
-0.97718,6,177.02,-49.17
-0.97331,7,176.55,-48.85
-0.9684,8,176.08,-48.54
-0.9636,9,175.62,-48.23
-0.95707,10,175.16,-47.93
-0.9529,11,174.71,-47.64
-0.94759,12,174.26,-47.36
-0.94629,13,173.82,-47.08
-0.93931,14,173.38,-46.8
-0.93427,15,172.95,-46.54
-0.92788,16,172.53,-46.28
-0.92252,17,172.11,-46.03
-0.91949,18,171.69,-45.78
-0.91621,19,171.29,-45.54
-0.91842,20,170.88,-45.31
-0.91413,21,170.48,-45.09
-0.91162,22,170.09,-44.87
-0.91213,23,169.7,-44.66
-0.90906,24,169.32,-44.46
-0.90921,25,168.94,-44.26
-0.90571,26,168.57,-44.08
-0.90324,27,168.2,-43.9
-0.90045,28,167.84,-43.72
-0.89607,29,167.48,-43.56
-0.89716,30,167.12,-43.4
-0.89548,31,166.77,-43.25
-0.89229,32,166.42,-43.11
-0.89133,33,166.08,-42.97
-0.89066,34,165.74,-42.84
-0.88881,35,165.41,-42.72
-0.88392,36,165.08,-42.61
-0.8861,37,164.75,-42.51
-0.8814,38,164.43,-42.41
-0.87956,39,164.11,-42.33
-0.87636,40,163.79,-42.25
-0.87634,41,163.47,-42.17
-0.87276,42,163.16,-42.11
-0.87286,43,162.85,-42.06
-0.86833,44,162.55,-42.01
-0.86805,45,162.25,-41.97
-0.83868,46,161.95,-41.95
-0.84611,47,161.65,-41.92
-0.85209,48,161.35,-41.91
-0.85412,49,161.06,-41.91
-0.85351,50,160.76,-41.92
-0.85703,51,160.47,-41.93
-0.8551,52,160.18,-41.96
-0.85314,53,159.89,-41.99
-0.85348,54,159.6,-42.03
-0.85114,55,159.31,-42.08
-0.85022,56,159.03,-42.15
-0.84947,57,158.74,-42.22
-0.84787,58,158.45,-42.3
-0.84647,59,158.16,-42.39
-0.84517,60,157.87,-42.49
-0.845,61,157.58,-42.6
-0.84196,62,157.29,-42.72
-0.84007,63,157,-42.85
-0.83719,64,156.7,-42.99
-0.83495,65,156.41,-43.14
-0.83263,66,156.1,-43.3
-0.83182,67,155.8,-43.47
-0.8289,68,155.5,-43.65
-0.82671,69,155.18,-43.84
-0.82849,70,154.87,-44.05
-0.84517,71,154.55,-44.26
-0.82428,72,154.23,-44.48
-0.82258,73,153.9,-44.72
-0.81862,74,153.56,-44.96
-0.81553,75,153.22,-45.22
-0.81338,76,152.88,-45.49
-0.81237,77,152.52,-45.76
-0.80995,78,152.16,-46.05
-0.8067,79,151.79,-46.35
-0.80473,80,151.42,-46.65
-0.80214,81,151.03,-46.97
-0.80256,82,150.63,-47.3
-0.80182,83,150.23,-47.64
-0.80252,84,149.82,-47.98
-0.80365,85,149.39,-48.34
-0.80535,86,148.96,-48.71
-0.80546,87,148.51,-49.08
-0.80679,88,148.06,-49.46
-0.81053,89,147.59,-49.85
-0.81381,90,147.11,-50.25
-0.81841,91,146.62,-50.65
-0.82033,92,146.12,-51.06
-0.82741,93,145.6,-51.47
-0.83221,94,145.07,-51.89
-0.83493,95,144.53,-52.31
-0.83918,96,143.98,-52.74
-0.84403,97,143.41,-53.17
-0.8498,98,142.83,-53.6
-0.85634,99,142.24,-54.02
-0.86403,100,141.64,-54.45
-0.86847,101,141.03,-54.88
-0.86919,102,140.4,-55.3
-0.87016,103,139.76,-55.71
-0.87251,104,139.11,-56.12
-0.87365,105,138.45,-56.53
-0.86175,106,137.78,-56.92
-0.92967,107,137.11,-57.3
-0.99416,108,136.42,-57.67
-1.0285,109,135.72,-58.03
-1.05875,110,135.02,-58.37
-1.04588,111,134.31,-58.7
-1.02358,112,133.59,-59.01
-1.00499,113,132.87,-59.3
-0.98209,114,132.14,-59.57
-0.95911,115,131.41,-59.82
-0.8855,116,130.67,-60.05
-0.73978,117,129.94,-60.25
-0.73108,118,129.2,-60.43
-0.71325,119,128.46,-60.59
-0.69221,120,127.73,-60.72
-1.02031,0,180,-48.88
-1.0072,1,179.47,-48.54
-0.99513,2,178.94,-48.2
-0.98803,3,178.42,-47.86
-0.98403,4,177.9,-47.53
-0.9787,5,177.39,-47.21
-0.97332,6,176.89,-46.9
-0.96753,7,176.39,-46.58
-0.96196,8,175.89,-46.28
-0.95807,9,175.41,-45.98
-0.95568,10,174.92,-45.69
-0.94732,11,174.44,-45.4
-0.94231,12,173.97,-45.12
-0.93727,13,173.5,-44.85
-0.93248,14,173.04,-44.58
-0.92892,15,172.58,-44.32
-0.92224,16,172.13,-44.06
-0.91457,17,171.68,-43.82
-0.91339,18,171.24,-43.58
-0.91031,19,170.8,-43.34
-0.9092,20,170.37,-43.11
-0.90634,21,169.94,-42.89
-0.90668,22,169.51,-42.68
-0.90282,23,169.09,-42.47
-0.90354,24,168.68,-42.27
-0.89985,25,168.27,-42.08
-0.89949,26,167.86,-41.89
-0.89634,27,167.45,-41.71
-0.89598,28,167.06,-41.54
-0.89327,29,166.66,-41.38
-0.88942,30,166.27,-41.22
-0.89081,31,165.88,-41.07
-0.88783,32,165.49,-40.92
-0.88079,33,165.11,-40.79
-0.88083,34,164.73,-40.66
-0.88023,35,164.36,-40.54
-0.87859,36,163.99,-40.43
-0.87429,37,163.62,-40.32
-0.87176,38,163.25,-40.22
-0.87057,39,162.89,-40.13
-0.86929,40,162.52,-40.05
-0.83065,41,162.16,-39.98
-0.84369,42,161.81,-39.91
-0.85002,43,161.45,-39.85
-0.85223,44,161.1,-39.8
-0.85504,45,160.75,-39.76
-0.85552,46,160.4,-39.73
-0.85305,47,160.05,-39.7
-0.85371,48,159.7,-39.68
-0.85197,49,159.35,-39.67
-0.85154,50,159.01,-39.67
-0.84924,51,158.66,-39.68
-0.84891,52,158.31,-39.7
-0.84714,53,157.97,-39.72
-0.84446,54,157.62,-39.76
-0.84087,55,157.28,-39.8
-0.83934,56,156.93,-39.86
-0.83917,57,156.58,-39.92
-0.83723,58,156.23,-39.99
-0.83462,59,155.88,-40.07
-0.83247,60,155.53,-40.16
-0.82938,61,155.18,-40.26
-0.8264,62,154.82,-40.36
-0.82805,63,154.47,-40.48
-0.82301,64,154.1,-40.61
-0.82248,65,153.74,-40.75
-0.81788,66,153.37,-40.89
-0.81499,67,153,-41.05
-0.81201,68,152.63,-41.22
-0.80811,69,152.25,-41.39
-0.80579,70,151.86,-41.58
-0.80295,71,151.47,-41.78
-0.80027,72,151.08,-41.98
-0.79493,73,150.68,-42.2
-0.79269,74,150.27,-42.43
-0.78947,75,149.86,-42.66
-0.78702,76,149.44,-42.91
-0.78481,77,149.01,-43.17
-0.78305,78,148.58,-43.43
-0.78266,79,148.13,-43.71
-0.78173,80,147.68,-43.99
-0.7817,81,147.22,-44.28
-0.7832,82,146.76,-44.59
-0.78473,83,146.28,-44.9
-0.78767,84,145.79,-45.22
-0.79183,85,145.29,-45.55
-0.79479,86,144.79,-45.88
-0.7966,87,144.27,-46.23
-0.79968,88,143.74,-46.58
-0.80785,89,143.2,-46.94
-0.81414,90,142.65,-47.3
-0.82097,91,142.09,-47.67
-0.82961,92,141.52,-48.04
-0.83575,93,140.93,-48.42
-0.83941,94,140.34,-48.8
-0.84299,95,139.73,-49.19
-0.84914,96,139.11,-49.57
-0.85292,97,138.49,-49.96
-0.85837,98,137.84,-50.34
-0.86093,99,137.19,-50.73
-0.86284,100,136.53,-51.11
-0.86378,101,135.86,-51.49
-0.86341,102,135.18,-51.87
-0.86322,103,134.49,-52.24
-0.8652,104,133.78,-52.6
-0.86853,105,133.07,-52.95
-0.86771,106,132.36,-53.3
-0.8656,107,131.63,-53.63
-0.83833,108,130.9,-53.96
-0.81613,109,130.16,-54.27
-0.17443,110,129.42,-54.56
-0.81106,111,128.67,-54.84
-0.83017,112,127.91,-55.11
-0.81663,113,127.16,-55.35
-0.80308,114,126.4,-55.58
-0.79232,115,125.64,-55.79
-0.76735,116,124.88,-55.98
-0.79898,117,124.12,-56.15
-0.84393,118,123.36,-56.3
-0.87656,119,122.61,-56.43
-0.89515,120,121.86,-56.54
-1.01707,0,180,-89.87
-1.03539,1,179.5,-89.61
-1.04967,2,179,-89.11
-1.07064,3,178.5,-88.61
-1.079,4,178,-88.11
-1.0804,5,177.5,-87.61
-1.07203,6,177,-87.12
-1.05907,7,176.5,-86.62
-1.04363,8,176.01,-86.13
-1.02945,9,175.52,-85.63
-1.0188,10,175.03,-85.14
-1.00722,11,174.54,-84.65
-0.999,12,174.05,-84.17
-0.99294,13,173.57,-83.68
-0.98618,14,173.08,-83.2
-0.97781,15,172.61,-82.72
-0.97524,16,172.13,-82.25
-0.81441,17,171.66,-81.78
-0.96495,18,171.19,-81.31
-0.96397,19,170.73,-80.84
-0.95726,20,170.27,-80.38
-0.95589,21,169.81,-79.93
-0.95194,22,169.36,-79.48
-0.94848,23,168.91,-79.03
-0.9457,24,168.47,-78.59
-0.94312,25,168.03,-78.15
-0.93819,26,167.6,-77.72
-0.93572,27,167.17,-77.29
-0.93378,28,166.75,-76.87
-0.93123,29,166.33,-76.45
-0.93041,30,165.92,-76.04
-0.92745,31,165.51,-75.63
-0.92703,32,165.11,-75.23
-0.92281,33,164.72,-74.83
-0.92088,34,164.33,-74.44
-1.02136,35,163.95,-74.06
-1.0122,36,163.57,-73.68
-0.91559,37,163.2,-73.31
-0.91589,38,162.83,-72.95
-0.91258,39,162.47,-72.59
-0.90838,40,162.12,-72.24
-0.90886,41,161.78,-71.89
-0.90578,42,161.44,-71.55
-0.90504,43,161.1,-71.22
-0.90311,44,160.78,-70.89
-0.90209,45,160.46,-70.58
-0.90009,46,160.15,-70.26
-0.89783,47,159.84,-69.96
-0.8981,48,159.54,-69.66
-0.89404,49,159.25,-69.37
-0.89423,50,158.96,-69.08
-0.89354,51,158.69,-68.8
-0.89254,52,158.41,-68.53
-0.88705,53,158.15,-68.27
-0.8529,54,157.89,-68.01
-0.86192,55,157.64,-67.76
-0.87237,56,157.4,-67.51
-0.87873,57,157.16,-67.28
-0.88382,58,156.93,-67.05
-0.88576,59,156.71,-66.82
-0.89027,60,156.49,-66.61
-0.8922,61,156.28,-66.4
-0.89581,62,156.08,-66.2
-0.89331,63,155.89,-66
-0.89478,64,155.7,-65.82
-0.8946,65,155.52,-65.64
-0.89507,66,155.35,-65.46
-0.89414,67,155.18,-65.3
-0.89497,68,155.02,-65.14
-0.89471,69,154.87,-64.98
-0.89313,70,154.72,-64.84
-0.89444,71,154.58,-64.7
-0.894,72,154.45,-64.57
-0.89353,73,154.33,-64.45
-0.89419,74,154.21,-64.33
-0.89274,75,154.1,-64.22
-0.892,76,154,-64.12
-0.89177,77,153.9,-64.02
-0.89177,78,153.81,-63.93
-0.892,79,153.73,-63.85
-0.89347,80,153.66,-63.77
-0.89215,81,153.59,-63.71
-0.89291,82,153.53,-63.64
-0.89043,83,153.47,-63.59
-0.89249,84,153.43,-63.54
-0.89282,85,153.39,-63.5
-0.8932,86,153.35,-63.47
-0.89244,87,153.33,-63.44
-0.89297,88,153.31,-63.43
-0.89242,89,153.3,-63.41
-0.89433,90,153.29,-63.41
-0.8905,91,153.29,-63.41
-0.89238,92,153.3,-63.42
-0.89154,93,153.32,-63.43
-0.89135,94,153.34,-63.46
-0.89289,95,153.37,-63.49
-0.89456,96,153.41,-63.52
-0.89333,97,153.45,-63.57
-0.89236,98,153.5,-63.62
-0.89243,99,153.56,-63.68
-0.89297,100,153.62,-63.74
-0.89349,101,153.7,-63.81
-0.89405,102,153.78,-63.89
-0.89231,103,153.86,-63.98
-0.89236,104,153.95,-64.07
-0.89392,105,154.05,-64.17
-0.89353,106,154.16,-64.28
-0.89417,107,154.27,-64.39
-0.89651,108,154.39,-64.51
-0.89491,109,154.52,-64.64
-0.8932,110,154.66,-64.77
-0.89534,111,154.8,-64.92
-0.89377,112,154.95,-65.07
-0.8951,113,155.1,-65.22
-0.89486,114,155.27,-65.38
-0.89561,115,155.44,-65.55
-0.89603,116,155.62,-65.73
-0.89283,117,155.8,-65.92
-0.89384,118,155.99,-66.11
-0.89227,119,156.19,-66.31
-0.89184,120,156.39,-66.51
-1.02008,0,180,-47.64
-1.00903,1,179.46,-47.3
-0.99822,2,178.92,-46.96
-0.98538,3,178.38,-46.63
-0.98281,4,177.85,-46.31
-0.97691,5,177.33,-45.99
-0.97235,6,176.81,-45.68
-0.96658,7,176.3,-45.37
-0.95566,8,175.79,-45.07
-0.9553,9,175.29,-44.77
-0.94797,10,174.79,-44.48
-0.94433,11,174.3,-44.2
-0.93881,12,173.81,-43.92
-0.93356,13,173.33,-43.65
-0.9308,14,172.85,-43.39
-0.92363,15,172.38,-43.13
-0.91763,16,171.91,-42.88
-0.91353,17,171.45,-42.63
-0.90954,18,170.99,-42.39
-0.90783,19,170.53,-42.16
-0.90692,20,170.08,-41.93
-0.90623,21,169.63,-41.72
-0.90406,22,169.19,-41.5
-0.90322,23,168.75,-41.3
-0.89964,24,168.32,-41.1
-0.89726,25,167.89,-40.91
-0.89708,26,167.46,-40.72
-0.89135,27,167.04,-40.54
-0.89116,28,166.62,-40.37
-0.89023,29,166.21,-40.2
-0.88782,30,165.79,-40.05
-0.88646,31,165.38,-39.9
-0.88287,32,164.98,-39.75
-0.88083,33,164.57,-39.62
-0.87875,34,164.17,-39.49
-0.87705,35,163.78,-39.37
-0.87601,36,163.38,-39.25
-0.87131,37,162.99,-39.15
-0.87063,38,162.6,-39.05
-0.86951,39,162.21,-38.95
-0.84647,40,161.82,-38.87
-0.85226,41,161.44,-38.79
-0.85402,42,161.06,-38.73
-0.85427,43,160.68,-38.66
-0.85452,44,160.3,-38.61
-0.85349,45,159.92,-38.57
-0.85194,46,159.54,-38.53
-0.85036,47,159.16,-38.5
-0.84975,48,158.79,-38.48
-0.84808,49,158.41,-38.47
-0.84766,50,158.04,-38.46
-0.84543,51,157.66,-38.46
-0.84552,52,157.29,-38.48
-0.84094,53,156.91,-38.5
-0.83907,54,156.54,-38.53
-0.83777,55,156.16,-38.57
-0.83329,56,155.78,-38.61
-0.83231,57,155.4,-38.67
-0.8308,58,155.02,-38.73
-0.82876,59,154.64,-38.81
-0.8269,60,154.25,-38.89
-0.82389,61,153.86,-38.98
-0.82001,62,153.47,-39.08
-0.81862,63,153.08,-39.19
-0.81344,64,152.68,-39.31
-0.80972,65,152.29,-39.44
-0.80527,66,151.88,-39.58
-0.80347,67,151.47,-39.73
-0.79885,68,151.06,-39.88
-0.79423,69,150.65,-40.05
-0.78868,70,150.22,-40.23
-0.78723,71,149.8,-40.41
-0.78422,72,149.37,-40.61
-0.78159,73,148.93,-40.81
-0.77923,74,148.48,-41.03
-0.77741,75,148.03,-41.25
-0.77375,76,147.57,-41.49
-0.77396,77,147.11,-41.73
-0.77212,78,146.63,-41.98
-0.7716,79,146.15,-42.24
-0.77356,80,145.66,-42.51
-0.77527,81,145.16,-42.79
-0.77626,82,144.65,-43.08
-0.78226,83,144.14,-43.38
-0.78425,84,143.61,-43.68
-0.79042,85,143.07,-43.99
-0.79588,86,142.53,-44.31
-0.80222,87,141.97,-44.64
-0.80795,88,141.41,-44.97
-0.81578,89,140.83,-45.31
-0.82137,90,140.24,-45.65
-0.8296,91,139.64,-46
-0.83775,92,139.04,-46.35
-0.84204,93,138.42,-46.71
-0.84606,94,137.78,-47.07
-0.85334,95,137.14,-47.43
-0.85537,96,136.49,-47.79
-0.85881,97,135.83,-48.15
-0.86441,98,135.15,-48.52
-0.87038,99,134.47,-48.88
-0.872,100,133.78,-49.24
-0.87414,101,133.08,-49.59
-0.87846,102,132.36,-49.94
-0.87707,103,131.64,-50.29
-0.87896,104,130.92,-50.62
-0.87832,105,130.18,-50.95
-0.87456,106,129.44,-51.27
-0.84878,107,128.69,-51.58
-0.82361,108,127.93,-51.88
-0.81513,109,127.17,-52.17
-0.91595,110,126.41,-52.44
-0.8355,111,125.64,-52.7
-0.83419,112,124.87,-52.94
-0.81865,113,124.09,-53.17
-0.80574,114,123.32,-53.38
-0.79249,115,122.55,-53.57
-0.78166,116,121.77,-53.74
-0.67355,117,121,-53.9
-0.87309,118,120.23,-54.03
-0.93145,119,119.47,-54.15
-0.95875,120,118.71,-54.24
-1.01842,0,180,43.51
-1.03637,1,179.41,43.84
-1.04189,2,178.81,44.17
-1.04394,3,178.21,44.51
-1.04237,4,177.61,44.85
-1.03956,5,176.99,45.19
-1.03558,6,176.38,45.54
-1.03169,7,175.76,45.9
-1.02827,8,175.13,46.26
-1.02442,9,174.5,46.62
-1.01999,10,173.86,46.98
-1.01575,11,173.22,47.35
-1.01042,12,172.58,47.72
-1.0069,13,171.92,48.1
-1.00139,14,171.27,48.48
-0.99637,15,170.61,48.86
-0.99343,16,169.94,49.24
-0.98894,17,169.27,49.62
-0.98238,18,168.59,50.01
-0.97833,19,167.91,50.4
-0.97467,20,167.23,50.79
-0.97126,21,166.53,51.18
-0.96619,22,165.84,51.57
-0.95971,23,165.14,51.96
-0.95768,24,164.43,52.35
-0.95299,25,163.73,52.74
-0.94939,26,163.01,53.14
-0.94417,27,162.3,53.53
-0.94118,28,161.57,53.92
-0.93875,29,160.85,54.3
-0.93553,30,160.12,54.69
-0.93247,31,159.39,55.07
-0.92798,32,158.65,55.45
-0.92399,33,157.91,55.83
-0.92052,34,157.16,56.2
-0.91552,35,156.42,56.57
-0.9099,36,155.67,56.93
-0.90808,37,154.91,57.29
-0.88682,38,154.16,57.64
-0.87253,39,153.4,57.99
-0.87327,40,152.64,58.33
-0.87161,41,151.88,58.66
-0.87327,42,151.11,58.98
-0.87101,43,150.35,59.3
-0.87105,44,149.58,59.6
-0.86755,45,148.81,59.9
-0.8666,46,148.04,60.19
-0.86699,47,147.27,60.46
-0.94364,48,146.5,60.73
-0.98804,49,145.73,60.98
-1.02895,50,144.96,61.22
-1.05759,51,144.18,61.45
-1.10703,52,143.41,61.67
-1.10037,53,142.64,61.87
-1.08922,54,141.87,62.06
-1.07397,55,141.1,62.24
-1.05269,56,140.33,62.4
-1.01796,57,139.56,62.54
-0.97331,58,138.8,62.68
-0.91535,59,138.04,62.79
-0.83314,60,137.27,62.89
-0.82521,61,136.51,62.98
-0.81457,62,135.76,63.05
-0.81063,63,135,63.1
-0.80602,64,134.25,63.14
-0.80005,65,133.5,63.17
-0.79773,66,132.76,63.18
-0.79277,67,132.02,63.17
-0.79386,68,131.28,63.15
-0.79047,69,130.54,63.11
-0.79698,70,129.81,63.06
-0.79953,71,129.09,63
-0.80285,72,128.37,62.92
-0.80819,73,127.65,62.83
-0.84312,74,126.94,62.73
-0.8681,75,126.23,62.61
-0.89181,76,125.53,62.49
-0.91427,77,124.83,62.35
-0.93335,78,124.14,62.2
-0.94714,79,123.45,62.04
-0.96124,80,122.77,61.87
-0.97079,81,122.09,61.69
-0.97551,82,121.42,61.5
-0.98226,83,120.76,61.3
-0.98176,84,120.1,61.1
-0.98356,85,119.45,60.89
-0.98554,86,118.8,60.67
-0.98183,87,118.16,60.44
-0.97695,88,117.53,60.21
-0.97263,89,116.9,59.98
-0.9675,90,116.28,59.74
-0.96233,91,115.66,59.49
-0.95781,92,115.06,59.24
-0.95208,93,114.45,58.99
-0.94534,94,113.86,58.73
-0.94127,95,113.27,58.47
-0.93494,96,112.69,58.21
-0.92955,97,112.11,57.95
-0.92555,98,111.54,57.68
-0.9211,99,110.98,57.42
-0.91445,100,110.42,57.15
-0.91208,101,109.88,56.88
-0.90941,102,109.33,56.61
-0.90525,103,108.8,56.34
-0.90233,104,108.27,56.07
-0.90004,105,107.75,55.8
-0.89834,106,107.23,55.53
-0.89746,107,106.72,55.26
-0.89746,108,106.22,54.99
-0.89625,109,105.73,54.72
-0.8936,110,105.24,54.46
-0.89354,111,104.76,54.19
-0.89152,112,104.28,53.93
-0.88984,113,103.81,53.67
-0.88749,114,103.35,53.41
-0.88873,115,102.89,53.15
-0.88779,116,102.44,52.89
-0.88581,117,102,52.64
-0.88426,118,101.57,52.39
-0.88092,119,101.14,52.14
-0.87622,120,100.71,51.89
-1.01779,0,180,45.72
-1.03801,1,179.43,46.06
-1.04261,2,178.86,46.4
-1.04315,3,178.28,46.75
-1.03957,4,177.69,47.1
-1.03942,5,177.1,47.46
-1.03493,6,176.51,47.82
-1.0292,7,175.91,48.19
-1.02949,8,175.3,48.55
-1.0255,9,174.69,48.93
-0.31622,10,174.07,49.3
-1.01822,11,173.45,49.68
-1.01299,12,172.82,50.07
-1.00844,13,172.19,50.45
-1.00495,14,171.55,50.84
-1.00109,15,170.91,51.24
-0.99746,16,170.26,51.63
-0.99144,17,169.61,52.03
-0.98581,18,168.95,52.43
-0.98305,19,168.29,52.83
-0.9784,20,167.62,53.23
-0.97456,21,166.95,53.63
-0.97113,22,166.27,54.04
-0.96647,23,165.59,54.44
-0.9606,24,164.91,54.85
-0.95693,25,164.21,55.25
-0.95402,26,163.52,55.65
-0.94809,27,162.82,56.06
-0.94722,28,162.12,56.46
-0.94089,29,161.41,56.86
-0.93732,30,160.7,57.25
-0.93489,31,159.98,57.65
-0.93067,32,159.26,58.04
-0.92591,33,158.54,58.42
-0.92315,34,157.82,58.81
-0.91727,35,157.09,59.18
-0.91608,36,156.36,59.56
-0.90973,37,155.62,59.92
-0.87751,38,154.89,60.28
-0.87599,39,154.15,60.63
-0.88046,40,153.41,60.98
-0.88171,41,152.67,61.32
-0.88175,42,151.92,61.65
-0.87879,43,151.18,61.96
-0.8787,44,150.43,62.27
-0.87571,45,149.68,62.57
-0.87367,46,148.93,62.86
-0.87186,47,148.18,63.13
-0.8682,48,147.43,63.4
-0.86539,49,146.68,63.65
-0.86208,50,145.93,63.88
-0.86017,51,145.18,64.11
-0.96312,52,144.43,64.32
-0.92854,53,143.68,64.51
-0.85846,54,142.94,64.69
-0.85207,55,142.19,64.85
-0.84163,56,141.45,65
-0.83767,57,140.7,65.13
-0.83233,58,139.96,65.25
-0.82679,59,139.22,65.35
-0.82316,60,138.48,65.43
-0.82018,61,137.75,65.49
-0.81761,62,137.02,65.54
-0.8133,63,136.29,65.57
-0.80919,64,135.56,65.59
-0.80622,65,134.84,65.59
-0.80127,66,134.12,65.57
-0.7982,67,133.4,65.54
-0.79451,68,132.69,65.49
-0.78912,69,131.98,65.43
-0.78923,70,131.28,65.35
-0.78704,71,130.58,65.26
-0.78356,72,129.89,65.15
-0.78349,73,129.2,65.03
-0.78251,74,128.51,64.9
-0.78749,75,127.83,64.76
-0.79198,76,127.16,64.6
-0.79785,77,126.49,64.43
-0.80371,78,125.82,64.25
-0.83809,79,125.16,64.06
-0.86063,80,124.51,63.87
-0.88457,81,123.86,63.66
-0.90316,82,123.22,63.45
-0.92052,83,122.59,63.22
-0.92966,84,121.96,62.99
-0.94012,85,121.33,62.76
-0.94388,86,120.72,62.51
-0.94824,87,120.1,62.26
-0.95006,88,119.5,62.01
-0.94733,89,118.9,61.75
-0.95082,90,118.31,61.49
-0.94803,91,117.72,61.23
-0.94377,92,117.14,60.96
-0.93937,93,116.57,60.69
-0.93374,94,116,60.41
-0.92977,95,115.44,60.14
-0.92344,96,114.89,59.86
-0.91965,97,114.34,59.58
-0.91577,98,113.8,59.3
-0.91077,99,113.27,59.02
-0.90747,100,112.74,58.74
-0.90269,101,112.22,58.45
-0.89732,102,111.71,58.17
-0.89455,103,111.2,57.89
-0.8899,104,110.7,57.61
-0.88811,105,110.21,57.33
-0.88422,106,109.72,57.05
-0.88535,107,109.24,56.78
-0.88181,108,108.76,56.5
-0.88295,109,108.3,56.23
-0.88132,110,107.84,55.96
-0.88292,111,107.38,55.69
-0.88131,112,106.93,55.42
-0.8816,113,106.49,55.15
-0.87932,114,106.06,54.89
-0.87964,115,105.63,54.63
-0.87711,116,105.21,54.37
-0.8757,117,104.79,54.12
-0.87353,118,104.39,53.86
-0.86632,119,103.98,53.61
-0.86497,120,103.59,53.37
