-1.56664,0,180,-51.13
-1.56359,1,179.49,-50.78
-1.56033,2,178.99,-50.43
-1.55626,3,178.49,-50.09
-1.55319,4,177.99,-49.76
-1.54809,5,177.51,-49.43
-1.54463,6,177.03,-49.1
-1.54128,7,176.55,-48.79
-1.54234,8,176.08,-48.48
-1.53842,9,175.62,-48.17
-1.53348,10,175.16,-47.88
-1.52882,11,174.71,-47.58
-1.52795,12,174.26,-47.3
-1.52392,13,173.82,-47.02
-1.51809,14,173.38,-46.75
-1.5169,15,172.95,-46.49
-1.51445,16,172.53,-46.23
-1.51232,17,172.11,-45.98
-1.50952,18,171.7,-45.73
-1.50559,19,171.29,-45.5
-1.50632,20,170.88,-45.26
-1.50559,21,170.49,-45.04
-1.50311,22,170.09,-44.83
-1.50382,23,169.7,-44.62
-1.50368,24,169.32,-44.42
-1.50351,25,168.94,-44.22
-1.49708,26,168.57,-44.03
-1.49648,27,168.2,-43.86
-1.49739,28,167.83,-43.68
-1.49754,29,167.47,-43.52
-1.49748,30,167.12,-43.36
-1.50085,31,166.77,-43.21
-1.49562,32,166.42,-43.07
-1.49514,33,166.08,-42.94
-1.49368,34,165.74,-42.81
-1.49268,35,165.4,-42.69
-1.49089,36,165.07,-42.58
-1.4927,37,164.74,-42.48
-1.48999,38,164.42,-42.38
-1.48618,39,164.1,-42.3
-1.48967,40,163.78,-42.22
-1.48868,41,163.46,-42.15
-1.48705,42,163.15,-42.09
-1.48767,43,162.84,-42.03
-1.48689,44,162.53,-41.99
-1.48556,45,162.23,-41.95
-1.48578,46,161.93,-41.92
-1.48591,47,161.63,-41.9
-1.48799,48,161.33,-41.89
-1.4843,49,161.03,-41.89
-1.48735,50,160.74,-41.9
-1.4825,51,160.45,-41.91
-1.4828,52,160.15,-41.94
-1.48248,53,159.86,-41.97
-1.48361,54,159.57,-42.02
-1.48382,55,159.28,-42.07
-1.47763,56,158.99,-42.13
-1.47902,57,158.7,-42.2
-1.47886,58,158.41,-42.28
-1.47584,59,158.12,-42.38
-1.476,60,157.83,-42.48
-1.47572,61,157.54,-42.59
-1.47353,62,157.24,-42.71
-1.47353,63,156.95,-42.84
-2.04407,64,156.65,-42.98
-1.47067,65,156.35,-43.13
-1.4711,66,156.05,-43.29
-1.46751,67,155.74,-43.46
-1.46861,68,155.43,-43.64
-1.46517,69,155.12,-43.84
-1.46756,70,154.8,-44.04
-1.46485,71,154.48,-44.25
-1.46262,72,154.15,-44.48
-1.46194,73,153.82,-44.71
-1.45993,74,153.48,-44.96
-1.45881,75,153.14,-45.21
-1.45744,76,152.79,-45.48
-1.62005,77,152.43,-45.76
-1.51721,78,152.07,-46.04
-1.44537,79,151.7,-46.34
-1.4981,80,151.32,-46.65
-1.44125,81,150.93,-46.97
-1.62956,82,150.53,-47.29
-1.44234,83,150.12,-47.63
-1.44451,84,149.7,-47.98
-1.44383,85,149.28,-48.33
-1.44735,86,148.84,-48.7
-1.20603,87,148.39,-49.07
-2.04218,88,147.93,-49.45
-2.06411,89,147.46,-49.84
-1.91019,90,146.97,-50.23
-2.13588,91,146.48,-50.64
-2.15477,92,145.97,-51.04
-2.1372,93,145.45,-51.46
-1.91303,94,144.92,-51.88
-1.83584,95,144.38,-52.3
-1.83622,96,143.82,-52.72
-1.83944,97,143.25,-53.15
-1.84228,98,142.67,-53.57
-1.84031,99,142.08,-54
-1.8465,100,141.47,-54.42
-1.84496,101,140.85,-54.85
-1.84553,102,140.23,-55.26
-1.84861,103,139.58,-55.68
-1.84413,104,138.93,-56.09
-1.84608,105,138.27,-56.49
-1.84795,106,137.6,-56.88
-1.85465,107,136.92,-57.26
-1.85587,108,136.23,-57.62
-1.85887,109,135.53,-57.98
-1.86762,110,134.82,-58.32
-1.91198,111,134.11,-58.64
-2.0085,112,133.39,-58.95
-1.53542,113,132.67,-59.23
-1.47458,114,131.94,-59.5
-1.475,115,131.21,-59.75
-1.48192,116,130.47,-59.97
-1.4954,117,129.73,-60.17
-1.82881,118,129,-60.35
-1.96557,119,128.26,-60.5
-2.02149,120,127.52,-60.63
-1.55767,0,180,-54.7
-1.56375,1,179.52,-54.34
-1.55875,2,179.05,-53.98
-1.55496,3,178.58,-53.63
-1.55222,4,178.12,-53.28
-1.54771,5,177.67,-52.94
-1.54506,6,177.22,-52.61
-1.54356,7,176.78,-52.28
-1.53906,8,176.34,-51.96
-1.53982,9,175.92,-51.65
-1.53484,10,175.49,-51.34
-1.53106,11,175.08,-51.04
-1.52686,12,174.67,-50.74
-1.52663,13,174.27,-50.46
-1.52426,14,173.87,-50.18
-1.52019,15,173.48,-49.91
-1.52053,16,173.09,-49.64
-1.51696,17,172.71,-49.38
-1.51233,18,172.34,-49.13
-1.51139,19,171.98,-48.89
-1.50922,20,171.62,-48.65
-1.50742,21,171.26,-48.43
-1.50693,22,170.91,-48.21
-1.50802,23,170.57,-47.99
-1.50284,24,170.23,-47.79
-1.50282,25,169.9,-47.59
-1.50017,26,169.58,-47.4
-1.50038,27,169.26,-47.22
-1.49724,28,168.94,-47.04
-1.49803,29,168.64,-46.87
-1.49847,30,168.33,-46.71
-1.4982,31,168.04,-46.56
-1.49666,32,167.74,-46.42
-1.49658,33,167.46,-46.29
-1.4963,34,167.17,-46.16
-1.49516,35,166.9,-46.04
-1.49639,36,166.63,-45.93
-1.49476,37,166.36,-45.83
-1.49342,38,166.1,-45.73
-1.49283,39,165.84,-45.65
-1.49265,40,165.59,-45.57
-1.49149,41,165.34,-45.51
-1.49269,42,165.09,-45.45
-1.49083,43,164.85,-45.4
-1.48872,44,164.62,-45.35
-1.48883,45,164.38,-45.32
-1.48965,46,164.16,-45.3
-1.48854,47,163.93,-45.28
-1.4866,48,163.71,-45.28
-1.48858,49,163.49,-45.28
-1.48924,50,163.28,-45.29
-1.49037,51,163.06,-45.32
-1.48759,52,162.86,-45.35
-1.48704,53,162.65,-45.39
-1.48616,54,162.44,-45.44
-1.27746,55,162.24,-45.5
-1.48171,56,162.04,-45.57
-1.48665,57,161.84,-45.65
-1.4838,58,161.64,-45.75
-1.48524,59,161.44,-45.85
-1.48472,60,161.25,-45.96
-1.48453,61,161.05,-46.08
-1.48265,62,160.86,-46.21
-1.48353,63,160.66,-46.35
-1.4821,64,160.46,-46.51
-1.48068,65,160.27,-46.67
-1.48066,66,160.07,-46.85
-1.48261,67,159.87,-47.03
-1.47897,68,159.66,-47.23
-1.48055,69,159.46,-47.44
-1.47962,70,159.25,-47.66
-1.47952,71,159.04,-47.89
-1.47846,72,158.82,-48.13
-1.47864,73,158.6,-48.38
-1.48319,74,158.37,-48.65
-1.47605,75,158.14,-48.92
-1.47736,76,157.91,-49.21
-1.47456,77,157.66,-49.51
-1.47619,78,157.41,-49.82
-1.47542,79,157.16,-50.14
-1.47576,80,156.89,-50.47
-1.47407,81,156.62,-50.81
-1.47441,82,156.33,-51.16
-1.47409,83,156.04,-51.53
-1.476,84,155.74,-51.9
-1.47633,85,155.42,-52.29
-1.47723,86,155.1,-52.69
-1.47955,87,154.76,-53.09
-1.48143,88,154.42,-53.51
-1.48222,89,154.06,-53.93
-1.48456,90,153.68,-54.37
-1.48896,91,153.3,-54.81
-1.30704,92,152.9,-55.26
-1.4874,93,152.48,-55.71
-1.49193,94,152.06,-56.18
-1.49505,95,151.62,-56.64
-1.49851,96,151.16,-57.12
-1.50193,97,150.69,-57.6
-1.50655,98,150.2,-58.08
-1.50993,99,149.7,-58.56
-1.51517,100,149.19,-59.04
-1.51525,101,148.66,-59.53
-1.51976,102,148.12,-60.01
-1.52502,103,147.56,-60.49
-1.53251,104,146.99,-60.97
-1.83594,105,146.41,-61.44
-1.94136,106,145.81,-61.9
-1.93727,107,145.21,-62.36
-1.69861,108,144.59,-62.81
-1.76239,109,143.95,-63.24
-2.28925,110,143.31,-63.66
-1.76971,111,142.66,-64.06
-1.14744,112,142,-64.45
-1.76391,113,141.33,-64.81
-1.77651,114,140.65,-65.16
-1.82408,115,139.97,-65.48
-2.03843,116,139.27,-65.78
-2.00697,117,138.58,-66.06
-2.01448,118,137.88,-66.3
-2.00962,119,137.17,-66.52
-2.00231,120,136.47,-66.71
-1.56234,0,180,-49.11
-1.56294,1,179.47,-48.76
-1.55128,2,178.95,-48.42
-1.55562,3,178.43,-48.09
-1.5495,4,177.92,-47.76
-1.54793,5,177.41,-47.44
-1.53957,6,176.91,-47.12
-1.53816,7,176.41,-46.81
-1.53681,8,175.92,-46.51
-1.53446,9,175.43,-46.21
-1.53237,10,174.95,-45.92
-1.52879,11,174.48,-45.63
-1.52306,12,174.01,-45.35
-1.52312,13,173.55,-45.08
-1.5195,14,173.09,-44.81
-1.51685,15,172.63,-44.55
-1.51385,16,172.18,-44.3
-1.5092,17,171.74,-44.05
-1.50916,18,171.3,-43.81
-1.50883,19,170.87,-43.58
-1.50364,20,170.44,-43.35
-1.50437,21,170.01,-43.13
-1.50064,22,169.59,-42.92
-1.50262,23,169.17,-42.71
-1.49748,24,168.76,-42.51
-1.50053,25,168.35,-42.32
-1.50007,26,167.95,-42.13
-1.49827,27,167.55,-41.95
-1.49635,28,167.16,-41.78
-1.49599,29,166.76,-41.62
-1.49481,30,166.38,-41.46
-1.49448,31,165.99,-41.31
-1.49591,32,165.61,-41.17
-1.49187,33,165.23,-41.04
-1.49221,34,164.86,-40.91
-1.48856,35,164.49,-40.79
-1.48918,36,164.12,-40.68
-1.48903,37,163.76,-40.57
-1.48748,38,163.4,-40.48
-1.49049,39,163.04,-40.39
-1.48694,40,162.68,-40.31
-1.48581,41,162.32,-40.24
-1.48524,42,161.97,-40.17
-1.48625,43,161.62,-40.11
-1.48403,44,161.27,-40.06
-1.48485,45,160.93,-40.02
-1.48388,46,160.58,-39.99
-1.47032,47,160.24,-39.97
-1.49124,48,159.89,-39.95
-1.48276,49,159.55,-39.94
-1.47993,50,159.21,-39.95
-1.47924,51,158.87,-39.96
-1.48031,52,158.53,-39.97
-1.47963,53,158.19,-40
-1.47646,54,157.85,-40.04
-1.47536,55,157.51,-40.08
-1.47556,56,157.17,-40.14
-1.47321,57,156.83,-40.2
-1.47156,58,156.48,-40.27
-1.47029,59,156.14,-40.36
-1.47058,60,155.79,-40.45
-1.46763,61,155.45,-40.55
-1.467,62,155.1,-40.66
-1.46523,63,154.75,-40.78
-1.46257,64,154.39,-40.91
-1.46048,65,154.03,-41.05
-1.15224,66,153.67,-41.2
-1.45779,67,153.31,-41.36
-1.45652,68,152.94,-41.53
-1.26545,69,152.56,-41.71
-1.45217,70,152.18,-41.9
-1.44174,71,151.8,-42.1
-1.44115,72,151.41,-42.3
-1.4352,73,151.02,-42.52
-1.43237,74,150.62,-42.75
-1.42966,75,150.21,-42.99
-1.42901,76,149.8,-43.24
-1.3923,77,149.38,-43.5
-1.50232,78,148.95,-43.77
-2.12351,79,148.51,-44.05
-1.89536,80,148.07,-44.33
-1.8919,81,147.61,-44.63
-2.11608,82,147.15,-44.94
-1.88207,83,146.68,-45.25
-1.00779,84,146.2,-45.58
-1.87945,85,145.71,-45.91
-1.87229,86,145.21,-46.25
-1.8517,87,144.69,-46.59
-2.05223,88,144.17,-46.95
-1.81109,89,143.64,-47.31
-2.04458,90,143.09,-47.68
-1.82486,91,142.54,-48.05
-3.95612,92,141.97,-48.43
-1.79366,93,141.39,-48.81
-1.84106,94,140.8,-49.19
-1.92994,95,140.2,-49.58
-1.84925,96,139.59,-49.97
-1.84836,97,138.96,-50.36
-1.85871,98,138.33,-50.75
-1.867,99,137.68,-51.14
-1.86732,100,137.02,-51.52
-1.87147,101,136.36,-51.91
-1.87011,102,135.68,-52.29
-1.8732,103,134.99,-52.66
-1.87558,104,134.29,-53.03
-1.87884,105,133.59,-53.38
-1.87953,106,132.87,-53.73
-1.88459,107,132.15,-54.07
-1.88659,108,131.42,-54.4
-1.92917,109,130.69,-54.71
-1.51247,110,129.95,-55.01
-1.49875,111,129.2,-55.29
-1.50539,112,128.45,-55.56
-1.51484,113,127.7,-55.8
-1.51778,114,126.94,-56.03
-1.52684,115,126.19,-56.25
-1.52759,116,125.43,-56.44
-1.53308,117,124.67,-56.61
-1.53798,118,123.91,-56.76
-1.54129,119,123.16,-56.88
-1.54184,120,122.41,-56.99
-1.55764,0,180,-89.87
-1.55827,1,179.5,-89.38
-1.55882,2,179,-88.88
-1.55137,3,178.5,-88.38
-1.55206,4,178,-87.88
-1.55334,5,177.5,-87.39
-1.55118,6,177.01,-86.89
-1.55059,7,176.51,-86.39
-1.5485,8,176.02,-85.9
-1.54645,9,175.53,-85.41
-1.54565,10,175.04,-84.92
-1.54269,11,174.55,-84.43
-1.54239,12,174.06,-83.95
-1.54283,13,173.58,-83.46
-1.53928,14,173.1,-82.98
-1.54181,15,172.62,-82.51
-1.53648,16,172.15,-82.03
-1.53808,17,171.68,-81.56
-1.53788,18,171.22,-81.1
-1.53572,19,170.75,-80.64
-1.53669,20,170.29,-80.18
-1.53674,21,169.84,-79.72
-1.53598,22,169.39,-79.27
-1.53649,23,168.95,-78.83
-1.53397,24,168.51,-78.39
-1.53356,25,168.07,-77.95
-1.53214,26,167.64,-77.52
-1.53056,27,167.21,-77.1
-1.52954,28,166.79,-76.67
-1.53049,29,166.38,-76.26
-1.52942,30,165.97,-75.85
-1.53253,31,165.56,-75.45
-1.52957,32,165.16,-75.05
-1.53001,33,164.77,-74.65
-1.53266,34,164.39,-74.27
-1.52753,35,164,-73.89
-1.53079,36,163.63,-73.51
-1.52906,37,163.26,-73.14
-1.52751,38,162.9,-72.78
-1.52779,39,162.54,-72.43
-1.52745,40,162.19,-72.08
-1.5262,41,161.85,-71.73
-1.52811,42,161.51,-71.4
-1.52291,43,161.18,-71.07
-1.52475,44,160.86,-70.74
-1.52267,45,160.54,-70.43
-1.33153,46,160.23,-70.12
-1.52453,47,159.93,-69.81
-1.52243,48,159.64,-69.52
-1.52456,49,159.35,-69.23
-1.5227,50,159.06,-68.95
-1.52143,51,158.79,-68.67
-1.52299,52,158.52,-68.4
-1.52341,53,158.26,-68.14
-1.52249,54,158,-67.88
-1.52317,55,157.75,-67.64
-1.52294,56,157.51,-67.4
-1.52317,57,157.28,-67.16
-1.5223,58,157.05,-66.93
-1.52409,59,156.83,-66.71
-1.52155,60,156.62,-66.5
-1.5237,61,156.41,-66.3
-1.52205,62,156.21,-66.1
-1.52087,63,156.02,-65.91
-1.52081,64,155.84,-65.72
-1.52262,65,155.66,-65.54
-1.52156,66,155.49,-65.37
-1.5205,67,155.33,-65.21
-1.52183,68,155.17,-65.05
-1.52097,69,155.02,-64.9
-1.52169,70,154.88,-64.76
-1.52381,71,154.74,-64.63
-1.52236,72,154.62,-64.5
-1.52433,73,154.49,-64.38
-1.52221,74,154.38,-64.26
-1.52112,75,154.27,-64.16
-1.52247,76,154.17,-64.06
-1.52286,77,154.08,-63.96
-1.52168,78,153.99,-63.88
-1.52123,79,153.92,-63.8
-1.5203,80,153.84,-63.73
-1.52192,81,153.78,-63.66
-1.52018,82,153.72,-63.6
-1.56266,83,153.67,-63.55
-1.52234,84,153.63,-63.51
-1.52123,85,153.59,-63.47
-1.52227,86,153.56,-63.44
-1.52071,87,153.54,-63.42
-1.52275,88,153.52,-63.4
-1.52174,89,153.51,-63.39
-1.51928,90,153.51,-63.39
-1.52142,91,153.52,-63.4
-1.59551,92,153.53,-63.41
-1.52144,93,153.55,-63.43
-1.52227,94,153.57,-63.46
-1.52296,95,153.61,-63.49
-1.52109,96,153.65,-63.53
-1.52274,97,153.69,-63.58
-1.51901,98,153.75,-63.63
-1.52194,99,153.81,-63.69
-1.52158,100,153.88,-63.76
-1.52184,101,153.95,-63.83
-1.52028,102,154.03,-63.92
-1.52164,103,154.12,-64.01
-1.52228,104,154.22,-64.1
-1.52172,105,154.32,-64.21
-1.51799,106,154.43,-64.32
-1.52244,107,154.55,-64.43
-1.52009,108,154.67,-64.56
-1.52041,109,154.81,-64.69
-1.52218,110,154.94,-64.83
-1.52257,111,155.09,-64.97
-1.52361,112,155.24,-65.13
-1.52253,113,155.4,-65.29
-1.52223,114,155.57,-65.45
-1.52204,115,155.74,-65.63
-1.52361,116,155.92,-65.81
-1.52282,117,156.11,-65.99
-1.52165,118,156.31,-66.19
-1.52212,119,156.51,-66.39
-1.52333,120,156.72,-66.6
-1.56004,0,180,-48.03
-1.5623,1,179.46,-47.69
-1.55779,2,178.93,-47.36
-1.55616,3,178.4,-47.03
-1.54797,4,177.87,-46.7
-1.40759,5,177.35,-46.38
-1.54309,6,176.84,-46.07
-1.53997,7,176.33,-45.76
-1.53734,8,175.83,-45.46
-1.53351,9,175.33,-45.17
-1.53043,10,174.84,-44.88
-1.5255,11,174.36,-44.59
-1.52432,12,173.87,-44.32
-1.52095,13,173.4,-44.05
-1.51712,14,172.92,-43.78
-1.51666,15,172.46,-43.52
-1.51289,16,171.99,-43.27
-1.50526,17,171.54,-43.03
-1.50835,18,171.08,-42.79
-1.50721,19,170.63,-42.56
-1.50559,20,170.19,-42.33
-1.5013,21,169.75,-42.11
-1.50467,22,169.31,-41.9
-1.50071,23,168.88,-41.69
-1.49861,24,168.46,-41.5
-1.2839,25,168.03,-41.3
-1.49563,26,167.61,-41.12
-1.49656,27,167.2,-40.94
-1.49613,28,166.78,-40.77
-1.49368,29,166.37,-40.61
-1.49213,30,165.97,-40.45
-1.49376,31,165.57,-40.3
-1.49203,32,165.17,-40.16
-1.4916,33,164.77,-40.02
-1.48786,34,164.38,-39.9
-1.49026,35,163.99,-39.78
-1.48724,36,163.6,-39.66
-1.49059,37,163.22,-39.56
-1.4875,38,162.84,-39.46
-1.48735,39,162.46,-39.37
-1.48541,40,162.08,-39.29
-1.48432,41,161.7,-39.21
-1.48545,42,161.33,-39.15
-1.48421,43,160.96,-39.09
-1.27758,44,160.58,-39.04
-1.4827,45,160.21,-38.99
-1.48058,46,159.85,-38.96
-1.48092,47,159.48,-38.93
-1.48104,48,159.11,-38.91
-1.4796,49,158.74,-38.9
-1.47944,50,158.38,-38.9
-1.47752,51,158.01,-38.91
-1.47653,52,157.65,-38.92
-1.4764,53,157.28,-38.94
-1.47554,54,156.91,-38.98
-1.47322,55,156.55,-39.02
-1.47402,56,156.18,-39.07
-1.46974,57,155.81,-39.13
-1.4671,58,155.44,-39.19
-1.46768,59,155.07,-39.27
-1.46463,60,154.69,-39.36
-1.46155,61,154.31,-39.45
-1.46115,62,153.93,-39.55
-1.33965,63,153.55,-39.67
-1.45502,64,153.17,-39.79
-1.45678,65,152.78,-39.92
-1.23152,66,152.39,-40.07
-1.57225,67,151.99,-40.22
-1.43672,68,151.59,-40.38
-1.43586,69,151.18,-40.55
-1.43352,70,150.77,-40.73
-1.43264,71,150.36,-40.92
-1.42699,72,149.94,-41.12
-1.18442,73,149.51,-41.33
-1.52924,74,149.08,-41.55
-2.1124,75,148.63,-41.78
-1.88288,76,148.19,-42.02
-1.87832,77,147.73,-42.27
-2.11137,78,147.27,-42.52
-2.10601,79,146.8,-42.79
-2.09971,80,146.32,-43.07
-1.85512,81,145.83,-43.35
-1.8651,82,145.34,-43.64
-1.85234,83,144.83,-43.94
-1.86198,84,144.32,-44.25
-4.81089,85,143.79,-44.57
-1.82129,86,143.26,-44.9
-1.788,87,142.71,-45.23
-1.80079,88,142.16,-45.57
-1.81263,89,141.59,-45.91
-1.82237,90,141.01,-46.26
-1.82673,91,140.43,-46.62
-1.82998,92,139.83,-46.98
-1.83544,93,139.22,-47.34
-1.84296,94,138.6,-47.71
-1.84553,95,137.97,-48.07
-1.85066,96,137.32,-48.44
-1.8558,97,136.67,-48.81
-1.86329,98,136.01,-49.18
-1.86568,99,135.33,-49.55
-1.18642,100,134.65,-49.92
-1.87035,101,133.95,-50.28
-1.87637,102,133.25,-50.64
-1.88124,103,132.54,-50.99
-1.88218,104,131.82,-51.33
-1.8925,105,131.09,-51.67
-1.88678,106,130.35,-51.99
-1.89574,107,129.61,-52.31
-1.90462,108,128.86,-52.61
-1.52725,109,128.11,-52.91
-1.52927,110,127.35,-53.18
-1.53236,111,126.58,-53.45
-1.53997,112,125.82,-53.69
-1.54647,113,125.05,-53.92
-1.55479,114,124.28,-54.14
-1.56386,115,123.51,-54.33
-1.56844,116,122.74,-54.51
-1.56827,117,121.98,-54.67
-1.56926,118,121.21,-54.8
-1.5757,119,120.45,-54.92
-1.58065,120,119.69,-55.02
-1.5603,0,180,44.51
-1.55071,1,179.42,44.84
-1.54628,2,178.83,45.18
-1.54621,3,178.24,45.52
-1.54611,4,177.65,45.86
-1.5455,5,177.05,46.21
-1.54491,6,176.44,46.57
-1.54478,7,175.83,46.92
-1.54616,8,175.22,47.29
-1.54523,9,174.59,47.65
-1.54388,10,173.97,48.02
-1.54405,11,173.34,48.4
-1.54279,12,172.7,48.77
-1.54743,13,172.06,49.15
-1.54377,14,171.41,49.53
-1.54291,15,170.76,49.92
-1.53829,16,170.1,50.31
-1.5387,17,169.44,50.7
-1.53873,18,168.77,51.09
-1.54057,19,168.1,51.48
-1.53967,20,167.43,51.87
-1.54478,21,166.74,52.27
-1.54202,22,166.06,52.67
-1.54306,23,165.37,53.06
-1.54211,24,164.67,53.46
-1.54025,25,163.97,53.86
-1.53893,26,163.27,54.25
-1.53904,27,162.56,54.65
-1.5386,28,161.85,55.04
-1.53985,29,161.13,55.44
-1.53671,30,160.41,55.83
-1.53853,31,159.69,56.21
-1.53636,32,158.96,56.6
-1.53417,33,158.23,56.98
-1.53203,34,157.49,57.36
-1.52798,35,156.75,57.73
-1.52564,36,156.01,58.1
-1.52543,37,155.27,58.46
-1.5233,38,154.52,58.82
-1.52215,39,153.78,59.17
-1.51944,40,153.02,59.51
-1.51836,41,152.27,59.84
-1.51306,42,151.52,60.17
-1.5158,43,150.76,60.49
-1.76892,44,150,60.79
-1.52412,45,149.24,61.09
-1.33202,46,148.48,61.38
-1.72132,47,147.72,61.66
-1.51531,48,146.96,61.92
-1.54854,49,146.2,62.18
-1.76863,50,145.44,62.42
-1.78815,51,144.68,62.64
-1.80398,52,143.91,62.86
-1.81155,53,143.15,63.06
-1.50301,54,142.39,63.24
-1.83116,55,141.63,63.42
-1.84023,56,140.88,63.57
-1.84482,57,140.12,63.71
-1.84781,58,139.36,63.84
-1.85117,59,138.61,63.95
-1.85682,60,137.86,64.04
-1.85437,61,137.11,64.12
-1.86637,62,136.37,64.18
-1.86937,63,135.62,64.23
-1.86796,64,134.88,64.26
-1.86564,65,134.14,64.27
-1.86298,66,133.41,64.27
-1.86447,67,132.68,64.26
-1.86298,68,131.95,64.23
-1.86026,69,131.23,64.18
-1.86207,70,130.51,64.12
-2.0685,71,129.8,64.04
-1.85383,72,129.09,63.95
-1.84799,73,128.38,63.85
-1.84184,74,127.68,63.74
-1.84575,75,126.99,63.61
-1.83623,76,126.3,63.47
-1.82813,77,125.61,63.32
-1.82256,78,124.93,63.16
-1.81485,79,124.26,62.98
-1.81171,80,123.59,62.8
-1.80613,81,122.92,62.61
-1.79737,82,122.27,62.41
-1.79183,83,121.61,62.2
-1.78826,84,120.97,61.99
-1.78146,85,120.33,61.77
-1.77457,86,119.69,61.54
-1.76746,87,119.07,61.3
-1.76365,88,118.44,61.06
-1.75723,89,117.83,60.82
-1.7526,90,117.22,60.56
-1.74678,91,116.62,60.31
-1.74723,92,116.02,60.05
-1.74191,93,115.43,59.79
-1.7343,94,114.85,59.53
-1.73042,95,114.27,59.26
-1.72515,96,113.7,58.99
-1.71792,97,113.14,58.72
-1.54729,98,112.58,58.45
-1.52636,99,112.03,58.17
-1.49562,100,111.49,57.9
-1.46749,101,110.95,57.62
-1.43106,102,110.42,57.35
-1.39383,103,109.9,57.07
-1.34674,104,109.38,56.8
-1.28018,105,108.88,56.52
-1.20256,106,108.37,56.25
-1.11724,107,107.88,55.97
-1.10464,108,107.39,55.7
-1.11022,109,106.9,55.43
-1.10343,110,106.43,55.16
-1.11157,111,105.96,54.89
-1.10506,112,105.49,54.63
-1.08488,113,105.04,54.36
-1.0691,114,104.59,54.1
-1.044,115,104.14,53.84
-1.02637,116,103.71,53.58
-1.02328,117,103.27,53.33
-1.00477,118,102.85,53.08
-0.99321,119,102.43,52.83
-0.97693,120,102.02,52.58
-1.55621,0,180,46.39
-1.5481,1,179.44,46.73
-1.54905,2,178.87,47.08
-1.54466,3,178.3,47.43
-1.54001,4,177.72,47.78
-1.54754,5,177.14,48.14
-1.54418,6,176.55,48.5
-1.5431,7,175.96,48.87
-1.54196,8,175.36,49.24
-1.54376,9,174.76,49.61
-1.54226,10,174.15,49.99
-1.5448,11,173.53,50.38
-1.54151,12,172.91,50.76
-1.54316,13,172.29,51.15
-1.54222,14,171.65,51.54
-1.54097,15,171.02,51.94
-1.54014,16,170.38,52.34
-1.53932,17,169.73,52.74
-1.53794,18,169.08,53.14
-1.5393,19,168.42,53.54
-1.53884,20,167.76,53.95
-1.53959,21,167.1,54.35
-1.54137,22,166.43,54.76
-1.54074,23,165.75,55.17
-1.53985,24,165.07,55.58
-1.5402,25,164.39,55.98
-1.53937,26,163.7,56.39
-1.53651,27,163,56.8
-1.53647,28,162.31,57.2
-1.53878,29,161.61,57.6
-1.53747,30,160.9,58
-1.5436,31,160.19,58.4
-1.534,32,159.48,58.79
-1.53124,33,158.77,59.18
-1.53354,34,158.05,59.57
-1.52968,35,157.33,59.95
-1.5253,36,156.6,60.32
-1.52436,37,155.87,60.69
-1.52418,38,155.14,61.05
-1.52405,39,154.41,61.41
-1.52013,40,153.68,61.75
-1.34066,41,152.94,62.09
-1.33884,42,152.2,62.42
-1.51515,43,151.47,62.74
-1.51484,44,150.73,63.05
-1.52103,45,149.98,63.35
-1.52281,46,149.24,63.64
-3.95372,47,148.5,63.91
-1.52955,48,147.76,64.18
-1.90368,49,147.01,64.43
-1.5332,50,146.27,64.66
-1.83334,51,145.53,64.88
-1.83877,52,144.78,65.09
-1.8439,53,144.04,65.28
-1.85415,54,143.3,65.46
-1.86247,55,142.56,65.62
-1.86455,56,141.82,65.76
-1.87053,57,141.09,65.89
-1.87714,58,140.35,66
-1.87948,59,139.62,66.1
-1.88328,60,138.89,66.17
-1.88367,61,138.16,66.23
-1.86976,62,137.44,66.28
-1.88545,63,136.72,66.3
-1.88138,64,136,66.31
-1.88273,65,135.28,66.31
-1.87836,66,134.57,66.28
-1.87766,67,133.87,66.24
-1.87414,68,133.16,66.19
-1.87072,69,132.46,66.11
-1.86716,70,131.77,66.03
-1.85204,71,131.07,65.93
-1.85808,72,130.39,65.81
-1.85218,73,129.71,65.69
-1.84454,74,129.03,65.54
-1.84423,75,128.36,65.39
-1.82703,76,127.69,65.23
-1.82909,77,127.03,65.05
-1.82407,78,126.37,64.86
-1.81702,79,125.72,64.67
-1.80809,80,125.08,64.46
-1.80881,81,124.44,64.25
-1.79442,82,123.8,64.02
-1.79395,83,123.17,63.79
-1.78421,84,122.55,63.56
-1.78066,85,121.94,63.31
-1.7734,86,121.33,63.06
-1.76466,87,120.72,62.81
-1.76919,88,120.13,62.55
-1.75527,89,119.54,62.28
-1.75057,90,118.95,62.01
-1.74559,91,118.37,61.74
-1.73885,92,117.8,61.47
-1.73608,93,117.24,61.19
-1.73063,94,116.68,60.91
-1.72663,95,116.13,60.63
-1.71722,96,115.58,60.35
-1.58897,97,115.04,60.06
-1.53779,98,114.51,59.78
-1.51371,99,113.98,59.5
-1.48295,100,113.46,59.21
-1.4561,101,112.95,58.93
-1.42632,102,112.45,58.64
-1.38843,103,111.95,58.36
-1.35168,104,111.45,58.07
-1.30327,105,110.97,57.79
-1.24784,106,110.49,57.51
-1.1724,107,110.02,57.23
-1.09965,108,109.55,56.96
-1.0729,109,109.09,56.68
-1.07626,110,108.64,56.41
-1.07924,111,108.19,56.13
-1.07737,112,107.75,55.87
-1.0942,113,107.32,55.6
-1.09103,114,106.89,55.33
-1.07383,115,106.47,55.07
-1.05646,116,106.06,54.81
-1.03548,117,105.65,54.56
-1.01831,118,105.25,54.3
-1.00469,119,104.86,54.05
-0.97607,120,104.47,53.81
